/*--------------------------------*- C++ -*----------------------------------*\
  =========                 |
  \\      /  F ield         | OpenFOAM: The Open Source CFD Toolbox
   \\    /   O peration     | Website:  https://openfoam.org
    \\  /    A nd           | Version:  12
     \\/     M anipulation  |
\*---------------------------------------------------------------------------*/
FoamFile
{
    format      ascii;
    class       labelList;
    note        "nPoints: 11242 nCells: 5060 nFaces: 20800 nInternalFaces: 9560";
    location    "constant/polyMesh";
    object      neighbour;
}
// * * * * * * * * * * * * * * * * * * * * * * * * * * * * * * * * * * * * * //


9560
(
1
503
2
504
3
505
4
506
5
507
6
508
7
509
8
510
9
511
10
512
11
513
12
514
13
515
14
516
15
517
16
518
17
519
18
520
19
521
20
522
21
523
22
524
23
525
24
526
527
26
528
27
529
28
530
29
531
30
532
31
533
32
534
33
535
34
536
35
537
36
538
37
539
38
540
39
541
40
542
41
543
42
544
43
545
44
546
45
547
46
548
47
549
48
550
49
551
50
552
51
553
52
554
53
555
556
55
557
56
558
57
559
58
560
59
561
60
562
61
563
62
564
63
565
64
566
65
567
66
568
67
569
68
570
69
571
70
572
71
573
72
574
73
575
74
576
75
577
76
578
77
579
78
580
79
581
80
582
81
583
82
584
585
84
586
85
587
86
588
87
589
88
590
89
591
90
592
91
593
92
594
93
595
94
596
95
597
96
598
97
599
98
600
99
601
100
602
101
603
102
604
103
605
104
606
105
607
106
608
107
609
108
610
109
611
110
612
111
613
614
113
615
114
616
115
617
116
618
117
619
118
620
119
621
120
622
121
623
122
624
123
625
124
626
125
627
126
628
127
629
128
630
129
631
130
632
131
633
132
634
133
635
134
636
135
637
136
638
137
639
138
640
139
641
140
642
643
142
644
143
645
144
646
145
647
146
648
147
649
148
650
149
651
150
652
151
653
152
654
153
655
154
656
155
657
156
658
157
659
158
660
159
661
160
662
161
663
162
664
163
665
164
666
165
667
166
668
167
669
168
670
169
671
672
171
673
172
674
173
675
174
676
175
677
176
678
177
679
178
680
179
681
180
682
181
683
182
684
183
685
184
686
185
687
186
688
187
689
188
690
189
691
190
692
191
693
192
694
193
695
194
696
195
697
196
698
197
699
198
700
701
200
702
201
703
202
704
203
705
204
706
205
707
206
708
207
709
208
710
209
711
210
712
211
713
212
714
213
715
214
716
215
717
216
718
217
719
218
720
219
721
220
722
221
723
222
724
223
725
224
726
225
727
226
728
227
729
228
730
229
731
230
732
231
733
232
734
233
735
234
736
235
737
236
738
237
739
238
740
239
741
240
742
241
743
242
744
243
745
244
746
245
747
246
748
247
749
248
750
249
751
250
752
251
753
252
754
253
755
254
756
255
757
256
758
257
759
258
760
259
761
260
762
261
763
262
764
263
765
264
766
265
767
266
768
267
769
268
770
269
771
270
772
271
773
272
774
273
775
274
776
275
777
276
778
277
779
278
780
279
781
280
782
281
783
282
784
283
785
284
786
285
787
286
788
287
789
288
790
289
791
290
792
291
793
292
794
293
795
294
796
295
797
296
798
297
799
298
800
299
801
300
802
301
803
302
804
303
805
304
806
305
807
306
808
307
809
308
810
309
811
310
812
311
813
312
814
313
815
314
816
315
817
316
818
317
819
318
820
319
821
320
822
321
823
322
824
323
825
324
826
325
827
326
828
327
829
328
830
329
831
330
832
331
833
332
834
333
835
334
836
335
837
336
838
337
839
338
840
339
841
340
842
341
843
342
844
343
845
344
846
345
847
346
848
347
849
348
850
349
851
350
852
351
853
352
854
353
855
354
856
355
857
356
858
357
859
358
860
359
861
360
862
361
863
362
864
363
865
364
866
365
867
366
868
367
869
368
870
369
871
370
872
371
873
372
874
373
875
374
876
375
877
376
878
377
879
378
880
379
881
380
882
381
883
382
884
383
885
384
886
385
887
386
888
387
889
388
890
389
891
390
892
391
893
392
894
393
895
394
896
395
897
396
898
397
899
398
900
399
901
400
902
401
903
402
904
403
905
404
906
405
907
406
908
407
909
408
910
409
911
410
912
411
913
412
914
413
915
414
916
415
917
416
918
417
919
418
920
419
921
420
922
421
923
422
924
423
925
424
926
425
927
426
928
427
929
428
930
429
931
430
932
431
933
432
934
433
935
434
936
435
937
436
938
437
939
438
940
439
941
440
942
441
943
442
944
443
945
444
946
445
947
446
948
447
949
448
950
449
951
450
952
451
953
452
954
453
955
454
956
455
957
456
958
457
959
458
960
459
961
460
962
461
963
462
964
463
965
464
966
465
967
466
968
467
969
468
970
469
971
470
972
471
973
472
974
473
975
474
976
475
977
476
978
477
979
478
980
479
981
480
982
481
983
482
984
483
985
484
986
485
987
486
988
487
989
488
990
489
991
490
992
491
993
492
994
493
995
494
996
495
997
496
998
497
999
498
1000
499
1001
500
1002
501
1003
502
1004
1005
504
1006
505
1007
506
1008
507
1009
508
1010
509
1011
510
1012
511
1013
512
1014
513
1015
514
1016
515
1017
516
1018
517
1019
518
1020
519
1021
520
1022
521
1023
522
1024
523
1025
524
1026
525
1027
526
1028
527
1029
1030
529
1031
530
1032
531
1033
532
1034
533
1035
534
1036
535
1037
536
1038
537
1039
538
1040
539
1041
540
1042
541
1043
542
1044
543
1045
544
1046
545
1047
546
1048
547
1049
548
1050
549
1051
550
1052
551
1053
552
1054
553
1055
554
1056
555
1057
556
1058
1059
558
1060
559
1061
560
1062
561
1063
562
1064
563
1065
564
1066
565
1067
566
1068
567
1069
568
1070
569
1071
570
1072
571
1073
572
1074
573
1075
574
1076
575
1077
576
1078
577
1079
578
1080
579
1081
580
1082
581
1083
582
1084
583
1085
584
1086
585
1087
1088
587
1089
588
1090
589
1091
590
1092
591
1093
592
1094
593
1095
594
1096
595
1097
596
1098
597
1099
598
1100
599
1101
600
1102
601
1103
602
1104
603
1105
604
1106
605
1107
606
1108
607
1109
608
1110
609
1111
610
1112
611
1113
612
1114
613
1115
614
1116
1117
616
1118
617
1119
618
1120
619
1121
620
1122
621
1123
622
1124
623
1125
624
1126
625
1127
626
1128
627
1129
628
1130
629
1131
630
1132
631
1133
632
1134
633
1135
634
1136
635
1137
636
1138
637
1139
638
1140
639
1141
640
1142
641
1143
642
1144
643
1145
1146
645
1147
646
1148
647
1149
648
1150
649
1151
650
1152
651
1153
652
1154
653
1155
654
1156
655
1157
656
1158
657
1159
658
1160
659
1161
660
1162
661
1163
662
1164
663
1165
664
1166
665
1167
666
1168
667
1169
668
1170
669
1171
670
1172
671
1173
672
1174
1175
674
1176
675
1177
676
1178
677
1179
678
1180
679
1181
680
1182
681
1183
682
1184
683
1185
684
1186
685
1187
686
1188
687
1189
688
1190
689
1191
690
1192
691
1193
692
1194
693
1195
694
1196
695
1197
696
1198
697
1199
698
1200
699
1201
700
1202
701
1203
1204
703
1205
704
1206
705
1207
706
1208
707
1209
708
1210
709
1211
710
1212
711
1213
712
1214
713
1215
714
1216
715
1217
716
1218
717
1219
718
1220
719
1221
720
1222
721
1223
722
1224
723
1225
724
1226
725
1227
726
1228
727
1229
728
1230
729
1231
730
1232
731
1233
732
1234
733
1235
734
1236
735
1237
736
1238
737
1239
738
1240
739
1241
740
1242
741
1243
742
1244
743
1245
744
1246
745
1247
746
1248
747
1249
748
1250
749
1251
750
1252
751
1253
752
1254
753
1255
754
1256
755
1257
756
1258
757
1259
758
1260
759
1261
760
1262
761
1263
762
1264
763
1265
764
1266
765
1267
766
1268
767
1269
768
1270
769
1271
770
1272
771
1273
772
1274
773
1275
774
1276
775
1277
776
1278
777
1279
778
1280
779
1281
780
1282
781
1283
782
1284
783
1285
784
1286
785
1287
786
1288
787
1289
788
1290
789
1291
790
1292
791
1293
792
1294
793
1295
794
1296
795
1297
796
1298
797
1299
798
1300
799
1301
800
1302
801
1303
802
1304
803
1305
804
1306
805
1307
806
1308
807
1309
808
1310
809
1311
810
1312
811
1313
812
1314
813
1315
814
1316
815
1317
816
1318
817
1319
818
1320
819
1321
820
1322
821
1323
822
1324
823
1325
824
1326
825
1327
826
1328
827
1329
828
1330
829
1331
830
1332
831
1333
832
1334
833
1335
834
1336
835
1337
836
1338
837
1339
838
1340
839
1341
840
1342
841
1343
842
1344
843
1345
844
1346
845
1347
846
1348
847
1349
848
1350
849
1351
850
1352
851
1353
852
1354
853
1355
854
1356
855
1357
856
1358
857
1359
858
1360
859
1361
860
1362
861
1363
862
1364
863
1365
864
1366
865
1367
866
1368
867
1369
868
1370
869
1371
870
1372
871
1373
872
1374
873
1375
874
1376
875
1377
876
1378
877
1379
878
1380
879
1381
880
1382
881
1383
882
1384
883
1385
884
1386
885
1387
886
1388
887
1389
888
1390
889
1391
890
1392
891
1393
892
1394
893
1395
894
1396
895
1397
896
1398
897
1399
898
1400
899
1401
900
1402
901
1403
902
1404
903
1405
904
1406
905
1407
906
1408
907
1409
908
1410
909
1411
910
1412
911
1413
912
1414
913
1415
914
1416
915
1417
916
1418
917
1419
918
1420
919
1421
920
1422
921
1423
922
1424
923
1425
924
1426
925
1427
926
1428
927
1429
928
1430
929
1431
930
1432
931
1433
932
1434
933
1435
934
1436
935
1437
936
1438
937
1439
938
1440
939
1441
940
1442
941
1443
942
1444
943
1445
944
1446
945
1447
946
1448
947
1449
948
1450
949
1451
950
1452
951
1453
952
1454
953
1455
954
1456
955
1457
956
1458
957
1459
958
1460
959
1461
960
1462
961
1463
962
1464
963
1465
964
1466
965
1467
966
1468
967
1469
968
1470
969
1471
970
1472
971
1473
972
1474
973
1475
974
1476
975
1477
976
1478
977
1479
978
1480
979
1481
980
1482
981
1483
982
1484
983
1485
984
1486
985
1487
986
1488
987
1489
988
1490
989
1491
990
1492
991
1493
992
1494
993
1495
994
1496
995
1497
996
1498
997
1499
998
1500
999
1501
1000
1502
1001
1503
1002
1504
1003
1505
1004
1506
1005
1507
1508
1007
1509
1008
1510
1009
1511
1010
1512
1011
1513
1012
1514
1013
1515
1014
1516
1015
1517
1016
1518
1017
1519
1018
1520
1019
1521
1020
1522
1021
1523
1022
1524
1023
1525
1024
1526
1025
1527
1026
1528
1027
1529
1028
1530
1029
1531
1030
1532
1533
1032
1535
1033
1536
1034
1537
1035
1538
1036
1539
1037
1540
1038
1541
1039
1542
1040
1543
1041
1544
1042
1545
1043
1546
1044
1547
1045
1548
1046
1549
1047
1550
1048
1551
1049
1552
1050
1553
1051
1554
1052
1555
1053
1556
1054
1557
1055
1558
1056
1559
1057
1560
1058
1561
1059
1562
1563
1061
1565
1062
1566
1063
1567
1064
1568
1065
1569
1066
1570
1067
1571
1068
1572
1069
1573
1070
1574
1071
1575
1072
1576
1073
1577
1074
1578
1075
1579
1076
1580
1077
1581
1078
1582
1079
1583
1080
1584
1081
1585
1082
1586
1083
1587
1084
1588
1085
1589
1086
1590
1087
1591
1088
1592
1593
1090
1595
1091
1596
1092
1597
1093
1598
1094
1599
1095
1600
1096
1601
1097
1602
1098
1603
1099
1604
1100
1605
1101
1606
1102
1607
1103
1608
1104
1609
1105
1610
1106
1611
1107
1612
1108
1613
1109
1614
1110
1615
1111
1616
1112
1617
1113
1618
1114
1619
1115
1620
1116
1621
1117
1622
1623
1119
1625
1120
1626
1121
1627
1122
1628
1123
1629
1124
1630
1125
1631
1126
1632
1127
1633
1128
1634
1129
1635
1130
1636
1131
1637
1132
1638
1133
1639
1134
1640
1135
1641
1136
1642
1137
1643
1138
1644
1139
1645
1140
1646
1141
1647
1142
1648
1143
1649
1144
1650
1145
1651
1146
1652
1653
1148
1655
1149
1656
1150
1657
1151
1658
1152
1659
1153
1660
1154
1661
1155
1662
1156
1663
1157
1664
1158
1665
1159
1666
1160
1667
1161
1668
1162
1669
1163
1670
1164
1671
1165
1672
1166
1673
1167
1674
1168
1675
1169
1676
1170
1677
1171
1678
1172
1679
1173
1680
1174
1681
1175
1682
1683
1177
1685
1178
1686
1179
1687
1180
1688
1181
1689
1182
1690
1183
1691
1184
1692
1185
1693
1186
1694
1187
1695
1188
1696
1189
1697
1190
1698
1191
1699
1192
1700
1193
1701
1194
1702
1195
1703
1196
1704
1197
1705
1198
1706
1199
1707
1200
1708
1201
1709
1202
1710
1203
1711
1204
1712
1713
1206
1715
1207
1716
1208
1717
1209
1718
1210
1719
1211
1720
1212
1721
1213
1722
1214
1723
1215
1724
1216
1725
1217
1726
1218
1727
1219
1728
1220
1729
1221
1730
1222
1731
1223
1732
1224
1733
1225
1734
1226
1735
1227
1736
1228
1737
1229
1738
1230
1739
1231
1740
1232
1741
1233
1742
1234
1743
1235
1744
1236
1745
1237
1746
1238
1747
1239
1748
1240
1749
1241
1750
1242
1751
1243
1752
1244
1753
1245
1754
1246
1755
1247
1756
1248
1757
1249
1758
1250
1759
1251
1760
1252
1761
1253
1762
1254
1763
1255
1764
1256
1765
1257
1766
1258
1767
1259
1768
1260
1769
1261
1770
1262
1771
1263
1772
1264
1773
1265
1774
1266
1775
1267
1776
1268
1777
1269
1778
1270
1779
1271
1780
1272
1781
1273
1782
1274
1783
1275
1784
1276
1785
1277
1786
1278
1787
1279
1788
1280
1789
1281
1790
1282
1791
1283
1792
1284
1793
1285
1794
1286
1795
1287
1796
1288
1797
1289
1798
1290
1799
1291
1800
1292
1801
1293
1802
1294
1803
1295
1804
1296
1805
1297
1806
1298
1807
1299
1808
1300
1809
1301
1810
1302
1811
1303
1812
1304
1813
1305
1814
1306
1815
1307
1816
1308
1817
1309
1818
1310
1819
1311
1820
1312
1821
1313
1822
1314
1823
1315
1824
1316
1825
1317
1826
1318
1827
1319
1828
1320
1829
1321
1830
1322
1831
1323
1832
1324
1833
1325
1834
1326
1835
1327
1836
1328
1837
1329
1838
1330
1839
1331
1840
1332
1841
1333
1842
1334
1843
1335
1844
1336
1845
1337
1846
1338
1847
1339
1848
1340
1849
1341
1850
1342
1851
1343
1852
1344
1853
1345
1854
1346
1855
1347
1856
1348
1857
1349
1858
1350
1859
1351
1860
1352
1861
1353
1862
1354
1863
1355
1864
1356
1865
1357
1866
1358
1867
1359
1868
1360
1869
1361
1870
1362
1871
1363
1872
1364
1873
1365
1874
1366
1875
1367
1876
1368
1877
1369
1878
1370
1879
1371
1880
1372
1881
1373
1882
1374
1883
1375
1884
1376
1885
1377
1886
1378
1887
1379
1888
1380
1889
1381
1890
1382
1891
1383
1892
1384
1893
1385
1894
1386
1895
1387
1896
1388
1897
1389
1898
1390
1899
1391
1900
1392
1901
1393
1902
1394
1903
1395
1904
1396
1905
1397
1906
1398
1907
1399
1908
1400
1909
1401
1910
1402
1911
1403
1912
1404
1913
1405
1914
1406
1915
1407
1916
1408
1917
1409
1918
1410
1919
1411
1920
1412
1921
1413
1922
1414
1923
1415
1924
1416
1925
1417
1926
1418
1927
1419
1928
1420
1929
1421
1930
1422
1931
1423
1932
1424
1933
1425
1934
1426
1935
1427
1936
1428
1937
1429
1938
1430
1939
1431
1940
1432
1941
1433
1942
1434
1943
1435
1944
1436
1945
1437
1946
1438
1947
1439
1948
1440
1949
1441
1950
1442
1951
1443
1952
1444
1953
1445
1954
1446
1955
1447
1956
1448
1957
1449
1958
1450
1959
1451
1960
1452
1961
1453
1962
1454
1963
1455
1964
1456
1965
1457
1966
1458
1967
1459
1968
1460
1969
1461
1970
1462
1971
1463
1972
1464
1973
1465
1974
1466
1975
1467
1976
1468
1977
1469
1978
1470
1979
1471
1980
1472
1981
1473
1982
1474
1983
1475
1984
1476
1985
1477
1986
1478
1987
1479
1988
1480
1989
1481
1990
1482
1991
1483
1992
1484
1993
1485
1994
1486
1995
1487
1996
1488
1997
1489
1998
1490
1999
1491
2000
1492
2001
1493
2002
1494
2003
1495
2004
1496
2005
1497
2006
1498
2007
1499
2008
1500
2009
1501
2010
1502
2011
1503
2012
1504
2013
1505
2014
1506
2015
1507
2016
1508
2017
2018
1510
2019
1511
2020
1512
2021
1513
2022
1514
2023
1515
2024
1516
2025
1517
2026
1518
2027
1519
2028
1520
2029
1521
2030
1522
2031
1523
2032
1524
2033
1525
2034
1526
2035
1527
2036
1528
2037
1529
2038
1530
2039
1531
2040
1532
2041
1533
2042
1534
2043
1535
2044
1536
2045
1537
2046
1538
2047
1539
2048
1540
2049
1541
2050
1542
2051
1543
2052
1544
2053
1545
2054
1546
2055
1547
2056
1548
2057
1549
2058
1550
2059
1551
2060
1552
2061
1553
2062
1554
2063
1555
2064
1556
2065
1557
2066
1558
2067
1559
2068
1560
2069
1561
2070
1562
2071
1563
2072
1564
2073
1565
2074
1566
2075
1567
2076
1568
2077
1569
2078
1570
2079
1571
2080
1572
2081
1573
2082
1574
2083
1575
2084
1576
2085
1577
2086
1578
2087
1579
2088
1580
2089
1581
2090
1582
2091
1583
2092
1584
2093
1585
2094
1586
2095
1587
2096
1588
2097
1589
2098
1590
2099
1591
2100
1592
2101
1593
2102
1594
2103
1595
2104
1596
2105
1597
2106
1598
2107
1599
2108
1600
2109
1601
2110
1602
2111
1603
2112
1604
2113
1605
2114
1606
2115
1607
2116
1608
2117
1609
2118
1610
2119
1611
2120
1612
2121
1613
2122
1614
2123
1615
2124
1616
2125
1617
2126
1618
2127
1619
2128
1620
2129
1621
2130
1622
2131
1623
2132
1624
2133
1625
2134
1626
2135
1627
2136
1628
2137
1629
2138
1630
2139
1631
2140
1632
2141
1633
2142
1634
2143
1635
2144
1636
2145
1637
2146
1638
2147
1639
2148
1640
2149
1641
2150
1642
2151
1643
2152
1644
2153
1645
2154
1646
2155
1647
2156
1648
2157
1649
2158
1650
2159
1651
2160
1652
2161
1653
2162
1654
2163
1655
2164
1656
2165
1657
2166
1658
2167
1659
2168
1660
2169
1661
2170
1662
2171
1663
2172
1664
2173
1665
2174
1666
2175
1667
2176
1668
2177
1669
2178
1670
2179
1671
2180
1672
2181
1673
2182
1674
2183
1675
2184
1676
2185
1677
2186
1678
2187
1679
2188
1680
2189
1681
2190
1682
2191
1683
2192
1684
2193
1685
2194
1686
2195
1687
2196
1688
2197
1689
2198
1690
2199
1691
2200
1692
2201
1693
2202
1694
2203
1695
2204
1696
2205
1697
2206
1698
2207
1699
2208
1700
2209
1701
2210
1702
2211
1703
2212
1704
2213
1705
2214
1706
2215
1707
2216
1708
2217
1709
2218
1710
2219
1711
2220
1712
2221
1713
2222
1714
2223
1715
2224
1716
2225
1717
2226
1718
2227
1719
2228
1720
2229
1721
2230
1722
2231
1723
2232
1724
2233
1725
2234
1726
2235
1727
2236
1728
2237
1729
2238
1730
2239
1731
2240
1732
2241
1733
2242
1734
2243
1735
2244
1736
2245
1737
2246
1738
2247
1739
2248
1740
2249
1741
2250
1742
2251
1743
2252
1744
2253
1745
2254
1746
2255
1747
2256
1748
2257
1749
2258
1750
2259
1751
2260
1752
2261
1753
2262
1754
2263
1755
2264
1756
2265
1757
2266
1758
2267
1759
2268
1760
2269
1761
2270
1762
2271
1763
2272
1764
2273
1765
2274
1766
2275
1767
2276
1768
2277
1769
2278
1770
2279
1771
2280
1772
2281
1773
2282
1774
2283
1775
2284
1776
2285
1777
2286
1778
2287
1779
2288
1780
2289
1781
2290
1782
2291
1783
2292
1784
2293
1785
2294
1786
2295
1787
2296
1788
2297
1789
2298
1790
2299
1791
2300
1792
2301
1793
2302
1794
2303
1795
2304
1796
2305
1797
2306
1798
2307
1799
2308
1800
2309
1801
2310
1802
2311
1803
2312
1804
2313
1805
2314
1806
2315
1807
2316
1808
2317
1809
2318
1810
2319
1811
2320
1812
2321
1813
2322
1814
2323
1815
2324
1816
2325
1817
2326
1818
2327
1819
2328
1820
2329
1821
2330
1822
2331
1823
2332
1824
2333
1825
2334
1826
2335
1827
2336
1828
2337
1829
2338
1830
2339
1831
2340
1832
2341
1833
2342
1834
2343
1835
2344
1836
2345
1837
2346
1838
2347
1839
2348
1840
2349
1841
2350
1842
2351
1843
2352
1844
2353
1845
2354
1846
2355
1847
2356
1848
2357
1849
2358
1850
2359
1851
2360
1852
2361
1853
2362
1854
2363
1855
2364
1856
2365
1857
2366
1858
2367
1859
2368
1860
2369
1861
2370
1862
2371
1863
2372
1864
2373
1865
2374
1866
2375
1867
2376
1868
2377
1869
2378
1870
2379
1871
2380
1872
2381
1873
2382
1874
2383
1875
2384
1876
2385
1877
2386
1878
2387
1879
2388
1880
2389
1881
2390
1882
2391
1883
2392
1884
2393
1885
2394
1886
2395
1887
2396
1888
2397
1889
2398
1890
2399
1891
2400
1892
2401
1893
2402
1894
2403
1895
2404
1896
2405
1897
2406
1898
2407
1899
2408
1900
2409
1901
2410
1902
2411
1903
2412
1904
2413
1905
2414
1906
2415
1907
2416
1908
2417
1909
2418
1910
2419
1911
2420
1912
2421
1913
2422
1914
2423
1915
2424
1916
2425
1917
2426
1918
2427
1919
2428
1920
2429
1921
2430
1922
2431
1923
2432
1924
2433
1925
2434
1926
2435
1927
2436
1928
2437
1929
2438
1930
2439
1931
2440
1932
2441
1933
2442
1934
2443
1935
2444
1936
2445
1937
2446
1938
2447
1939
2448
1940
2449
1941
2450
1942
2451
1943
2452
1944
2453
1945
2454
1946
2455
1947
2456
1948
2457
1949
2458
1950
2459
1951
2460
1952
2461
1953
2462
1954
2463
1955
2464
1956
2465
1957
2466
1958
2467
1959
2468
1960
2469
1961
2470
1962
2471
1963
2472
1964
2473
1965
2474
1966
2475
1967
2476
1968
2477
1969
2478
1970
2479
1971
2480
1972
2481
1973
2482
1974
2483
1975
2484
1976
2485
1977
2486
1978
2487
1979
2488
1980
2489
1981
2490
1982
2491
1983
2492
1984
2493
1985
2494
1986
2495
1987
2496
1988
2497
1989
2498
1990
2499
1991
2500
1992
2501
1993
2502
1994
2503
1995
2504
1996
2505
1997
2506
1998
2507
1999
2508
2000
2509
2001
2510
2002
2511
2003
2512
2004
2513
2005
2514
2006
2515
2007
2516
2008
2517
2009
2518
2010
2519
2011
2520
2012
2521
2013
2522
2014
2523
2015
2524
2016
2525
2017
2526
2018
2527
2528
2020
2529
2021
2530
2022
2531
2023
2532
2024
2533
2025
2534
2026
2535
2027
2536
2028
2537
2029
2538
2030
2539
2031
2540
2032
2541
2033
2542
2034
2543
2035
2544
2036
2545
2037
2546
2038
2547
2039
2548
2040
2549
2041
2550
2042
2551
2043
2552
2044
2553
2045
2554
2046
2555
2047
2556
2048
2557
2049
2558
2050
2559
2051
2560
2052
2561
2053
2562
2054
2563
2055
2564
2056
2565
2057
2566
2058
2567
2059
2568
2060
2569
2061
2570
2062
2571
2063
2572
2064
2573
2065
2574
2066
2575
2067
2576
2068
2577
2069
2578
2070
2579
2071
2580
2072
2581
2073
2582
2074
2583
2075
2584
2076
2585
2077
2586
2078
2587
2079
2588
2080
2589
2081
2590
2082
2591
2083
2592
2084
2593
2085
2594
2086
2595
2087
2596
2088
2597
2089
2598
2090
2599
2091
2600
2092
2601
2093
2602
2094
2603
2095
2604
2096
2605
2097
2606
2098
2607
2099
2608
2100
2609
2101
2610
2102
2611
2103
2612
2104
2613
2105
2614
2106
2615
2107
2616
2108
2617
2109
2618
2110
2619
2111
2620
2112
2621
2113
2622
2114
2623
2115
2624
2116
2625
2117
2626
2118
2627
2119
2628
2120
2629
2121
2630
2122
2631
2123
2632
2124
2633
2125
2634
2126
2635
2127
2636
2128
2637
2129
2638
2130
2639
2131
2640
2132
2641
2133
2642
2134
2643
2135
2644
2136
2645
2137
2646
2138
2647
2139
2648
2140
2649
2141
2650
2142
2651
2143
2652
2144
2653
2145
2654
2146
2655
2147
2656
2148
2657
2149
2658
2150
2659
2151
2660
2152
2661
2153
2662
2154
2663
2155
2664
2156
2665
2157
2666
2158
2667
2159
2668
2160
2669
2161
2670
2162
2671
2163
2672
2164
2673
2165
2674
2166
2675
2167
2676
2168
2677
2169
2678
2170
2679
2171
2680
2172
2681
2173
2682
2174
2683
2175
2684
2176
2685
2177
2686
2178
2687
2179
2688
2180
2689
2181
2690
2182
2691
2183
2692
2184
2693
2185
2694
2186
2695
2187
2696
2188
2697
2189
2698
2190
2699
2191
2700
2192
2701
2193
2702
2194
2703
2195
2704
2196
2705
2197
2706
2198
2707
2199
2708
2200
2709
2201
2710
2202
2711
2203
2712
2204
2713
2205
2714
2206
2715
2207
2716
2208
2717
2209
2718
2210
2719
2211
2720
2212
2721
2213
2722
2214
2723
2215
2724
2216
2725
2217
2726
2218
2727
2219
2728
2220
2729
2221
2730
2222
2731
2223
2732
2224
2733
2225
2734
2226
2735
2227
2736
2228
2737
2229
2738
2230
2739
2231
2740
2232
2741
2233
2742
2234
2743
2235
2744
2236
2745
2237
2746
2238
2747
2239
2748
2240
2749
2241
2750
2242
2751
2243
2752
2244
2753
2245
2754
2246
2755
2247
2756
2248
2757
2249
2758
2250
2759
2251
2760
2252
2761
2253
2762
2254
2763
2255
2764
2256
2765
2257
2766
2258
2767
2259
2768
2260
2769
2261
2770
2262
2771
2263
2772
2264
2773
2265
2774
2266
2775
2267
2776
2268
2777
2269
2778
2270
2779
2271
2780
2272
2781
2273
2782
2274
2783
2275
2784
2276
2785
2277
2786
2278
2787
2279
2788
2280
2789
2281
2790
2282
2791
2283
2792
2284
2793
2285
2794
2286
2795
2287
2796
2288
2797
2289
2798
2290
2799
2291
2800
2292
2801
2293
2802
2294
2803
2295
2804
2296
2805
2297
2806
2298
2807
2299
2808
2300
2809
2301
2810
2302
2811
2303
2812
2304
2813
2305
2814
2306
2815
2307
2816
2308
2817
2309
2818
2310
2819
2311
2820
2312
2821
2313
2822
2314
2823
2315
2824
2316
2825
2317
2826
2318
2827
2319
2828
2320
2829
2321
2830
2322
2831
2323
2832
2324
2833
2325
2834
2326
2835
2327
2836
2328
2837
2329
2838
2330
2839
2331
2840
2332
2841
2333
2842
2334
2843
2335
2844
2336
2845
2337
2846
2338
2847
2339
2848
2340
2849
2341
2850
2342
2851
2343
2852
2344
2853
2345
2854
2346
2855
2347
2856
2348
2857
2349
2858
2350
2859
2351
2860
2352
2861
2353
2862
2354
2863
2355
2864
2356
2865
2357
2866
2358
2867
2359
2868
2360
2869
2361
2870
2362
2871
2363
2872
2364
2873
2365
2874
2366
2875
2367
2876
2368
2877
2369
2878
2370
2879
2371
2880
2372
2881
2373
2882
2374
2883
2375
2884
2376
2885
2377
2886
2378
2887
2379
2888
2380
2889
2381
2890
2382
2891
2383
2892
2384
2893
2385
2894
2386
2895
2387
2896
2388
2897
2389
2898
2390
2899
2391
2900
2392
2901
2393
2902
2394
2903
2395
2904
2396
2905
2397
2906
2398
2907
2399
2908
2400
2909
2401
2910
2402
2911
2403
2912
2404
2913
2405
2914
2406
2915
2407
2916
2408
2917
2409
2918
2410
2919
2411
2920
2412
2921
2413
2922
2414
2923
2415
2924
2416
2925
2417
2926
2418
2927
2419
2928
2420
2929
2421
2930
2422
2931
2423
2932
2424
2933
2425
2934
2426
2935
2427
2936
2428
2937
2429
2938
2430
2939
2431
2940
2432
2941
2433
2942
2434
2943
2435
2944
2436
2945
2437
2946
2438
2947
2439
2948
2440
2949
2441
2950
2442
2951
2443
2952
2444
2953
2445
2954
2446
2955
2447
2956
2448
2957
2449
2958
2450
2959
2451
2960
2452
2961
2453
2962
2454
2963
2455
2964
2456
2965
2457
2966
2458
2967
2459
2968
2460
2969
2461
2970
2462
2971
2463
2972
2464
2973
2465
2974
2466
2975
2467
2976
2468
2977
2469
2978
2470
2979
2471
2980
2472
2981
2473
2982
2474
2983
2475
2984
2476
2985
2477
2986
2478
2987
2479
2988
2480
2989
2481
2990
2482
2991
2483
2992
2484
2993
2485
2994
2486
2995
2487
2996
2488
2997
2489
2998
2490
2999
2491
3000
2492
3001
2493
3002
2494
3003
2495
3004
2496
3005
2497
3006
2498
3007
2499
3008
2500
3009
2501
3010
2502
3011
2503
3012
2504
3013
2505
3014
2506
3015
2507
3016
2508
3017
2509
3018
2510
3019
2511
3020
2512
3021
2513
3022
2514
3023
2515
3024
2516
3025
2517
3026
2518
3027
2519
3028
2520
3029
2521
3030
2522
3031
2523
3032
2524
3033
2525
3034
2526
3035
2527
3036
2528
3037
3038
2530
3039
2531
3040
2532
3041
2533
3042
2534
3043
2535
3044
2536
3045
2537
3046
2538
3047
2539
3048
2540
3049
2541
3050
2542
3051
2543
3052
2544
3053
2545
3054
2546
3055
2547
3056
2548
3057
2549
3058
2550
3059
2551
3060
2552
3061
2553
3062
2554
3063
2555
3064
2556
3065
2557
3066
2558
3067
2559
3068
2560
3069
2561
3070
2562
3071
2563
3072
2564
3073
2565
3074
2566
3075
2567
3076
2568
3077
2569
3078
2570
3079
2571
3080
2572
3081
2573
3082
2574
3083
2575
3084
2576
3085
2577
3086
2578
3087
2579
3088
2580
3089
2581
3090
2582
3091
2583
3092
2584
3093
2585
3094
2586
3095
2587
3096
2588
3097
2589
3098
2590
3099
2591
3100
2592
3101
2593
3102
2594
3103
2595
3104
2596
3105
2597
3106
2598
3107
2599
3108
2600
3109
2601
3110
2602
3111
2603
3112
2604
3113
2605
3114
2606
3115
2607
3116
2608
3117
2609
3118
2610
3119
2611
3120
2612
3121
2613
3122
2614
3123
2615
3124
2616
3125
2617
3126
2618
3127
2619
3128
2620
3129
2621
3130
2622
3131
2623
3132
2624
3133
2625
3134
2626
3135
2627
3136
2628
3137
2629
3138
2630
3139
2631
3140
2632
3141
2633
3142
2634
3143
2635
3144
2636
3145
2637
3146
2638
3147
2639
3148
2640
3149
2641
3150
2642
3151
2643
3152
2644
3153
2645
3154
2646
3155
2647
3156
2648
3157
2649
3158
2650
3159
2651
3160
2652
3161
2653
3162
2654
3163
2655
3164
2656
3165
2657
3166
2658
3167
2659
3168
2660
3169
2661
3170
2662
3171
2663
3172
2664
3173
2665
3174
2666
3175
2667
3176
2668
3177
2669
3178
2670
3179
2671
3180
2672
3181
2673
3182
2674
3183
2675
3184
2676
3185
2677
3186
2678
3187
2679
3188
2680
3189
2681
3190
2682
3191
2683
3192
2684
3193
2685
3194
2686
3195
2687
3196
2688
3197
2689
3198
2690
3199
2691
3200
2692
3201
2693
3202
2694
3203
2695
3204
2696
3205
2697
3206
2698
3207
2699
3208
2700
3209
2701
3210
2702
3211
2703
3212
2704
3213
2705
3214
2706
3215
2707
3216
2708
3217
2709
3218
2710
3219
2711
3220
2712
3221
2713
3222
2714
3223
2715
3224
2716
3225
2717
3226
2718
3227
2719
3228
2720
3229
2721
3230
2722
3231
2723
3232
2724
3233
2725
3234
2726
3235
2727
3236
2728
3237
2729
3238
2730
3239
2731
3240
2732
3241
2733
3242
2734
3243
2735
3244
2736
3245
2737
3246
2738
3247
2739
3248
2740
3249
2741
3250
2742
3251
2743
3252
2744
3253
2745
3254
2746
3255
2747
3256
2748
3257
2749
3258
2750
3259
2751
3260
2752
3261
2753
3262
2754
3263
2755
3264
2756
3265
2757
3266
2758
3267
2759
3268
2760
3269
2761
3270
2762
3271
2763
3272
2764
3273
2765
3274
2766
3275
2767
3276
2768
3277
2769
3278
2770
3279
2771
3280
2772
3281
2773
3282
2774
3283
2775
3284
2776
3285
2777
3286
2778
3287
2779
3288
2780
3289
2781
3290
2782
3291
2783
3292
2784
3293
2785
3294
2786
3295
2787
3296
2788
3297
2789
3298
2790
3299
2791
3300
2792
3301
2793
3302
2794
3303
2795
3304
2796
3305
2797
3306
2798
3307
2799
3308
2800
3309
2801
3310
2802
3311
2803
3312
2804
3313
2805
3314
2806
3315
2807
3316
2808
3317
2809
3318
2810
3319
2811
3320
2812
3321
2813
3322
2814
3323
2815
3324
2816
3325
2817
3326
2818
3327
2819
3328
2820
3329
2821
3330
2822
3331
2823
3332
2824
3333
2825
3334
2826
3335
2827
3336
2828
3337
2829
3338
2830
3339
2831
3340
2832
3341
2833
3342
2834
3343
2835
3344
2836
3345
2837
3346
2838
3347
2839
3348
2840
3349
2841
3350
2842
3351
2843
3352
2844
3353
2845
3354
2846
3355
2847
3356
2848
3357
2849
3358
2850
3359
2851
3360
2852
3361
2853
3362
2854
3363
2855
3364
2856
3365
2857
3366
2858
3367
2859
3368
2860
3369
2861
3370
2862
3371
2863
3372
2864
3373
2865
3374
2866
3375
2867
3376
2868
3377
2869
3378
2870
3379
2871
3380
2872
3381
2873
3382
2874
3383
2875
3384
2876
3385
2877
3386
2878
3387
2879
3388
2880
3389
2881
3390
2882
3391
2883
3392
2884
3393
2885
3394
2886
3395
2887
3396
2888
3397
2889
3398
2890
3399
2891
3400
2892
3401
2893
3402
2894
3403
2895
3404
2896
3405
2897
3406
2898
3407
2899
3408
2900
3409
2901
3410
2902
3411
2903
3412
2904
3413
2905
3414
2906
3415
2907
3416
2908
3417
2909
3418
2910
3419
2911
3420
2912
3421
2913
3422
2914
3423
2915
3424
2916
3425
2917
3426
2918
3427
2919
3428
2920
3429
2921
3430
2922
3431
2923
3432
2924
3433
2925
3434
2926
3435
2927
3436
2928
3437
2929
3438
2930
3439
2931
3440
2932
3441
2933
3442
2934
3443
2935
3444
2936
3445
2937
3446
2938
3447
2939
3448
2940
3449
2941
3450
2942
3451
2943
3452
2944
3453
2945
3454
2946
3455
2947
3456
2948
3457
2949
3458
2950
3459
2951
3460
2952
3461
2953
3462
2954
3463
2955
3464
2956
3465
2957
3466
2958
3467
2959
3468
2960
3469
2961
3470
2962
3471
2963
3472
2964
3473
2965
3474
2966
3475
2967
3476
2968
3477
2969
3478
2970
3479
2971
3480
2972
3481
2973
3482
2974
3483
2975
3484
2976
3485
2977
3486
2978
3487
2979
3488
2980
3489
2981
3490
2982
3491
2983
3492
2984
3493
2985
3494
2986
3495
2987
3496
2988
3497
2989
3498
2990
3499
2991
3500
2992
3501
2993
3502
2994
3503
2995
3504
2996
3505
2997
3506
2998
3507
2999
3508
3000
3509
3001
3510
3002
3511
3003
3512
3004
3513
3005
3514
3006
3515
3007
3516
3008
3517
3009
3518
3010
3519
3011
3520
3012
3521
3013
3522
3014
3523
3015
3524
3016
3525
3017
3526
3018
3527
3019
3528
3020
3529
3021
3530
3022
3531
3023
3532
3024
3533
3025
3534
3026
3535
3027
3536
3028
3537
3029
3538
3030
3539
3031
3540
3032
3541
3033
3542
3034
3543
3035
3544
3036
3545
3037
3546
3038
3547
3548
3040
3549
3041
3550
3042
3551
3043
3552
3044
3553
3045
3554
3046
3555
3047
3556
3048
3557
3049
3558
3050
3559
3051
3560
3052
3561
3053
3562
3054
3563
3055
3564
3056
3565
3057
3566
3058
3567
3059
3568
3060
3569
3061
3570
3062
3571
3063
3572
3064
3573
3065
3574
3066
3575
3067
3576
3068
3577
3069
3578
3070
3579
3071
3580
3072
3581
3073
3582
3074
3583
3075
3584
3076
3585
3077
3586
3078
3587
3079
3588
3080
3589
3081
3590
3082
3591
3083
3592
3084
3593
3085
3594
3086
3595
3087
3596
3088
3597
3089
3598
3090
3599
3091
3600
3092
3601
3093
3602
3094
3603
3095
3096
3604
3097
3605
3098
3606
3099
3607
3100
3608
3101
3609
3102
3610
3103
3611
3104
3612
3105
3613
3106
3614
3107
3615
3108
3616
3109
3617
3110
3618
3111
3619
3112
3620
3113
3621
3114
3622
3115
3623
3116
3624
3117
3625
3118
3626
3119
3627
3120
3628
3121
3629
3122
3630
3123
3631
3124
3632
3125
3126
3633
3127
3634
3128
3635
3129
3636
3130
3637
3131
3638
3132
3639
3133
3640
3134
3641
3135
3642
3136
3643
3137
3644
3138
3645
3139
3646
3140
3647
3141
3648
3142
3649
3143
3650
3144
3651
3145
3652
3146
3653
3147
3654
3148
3655
3149
3656
3150
3657
3151
3658
3152
3659
3153
3660
3154
3661
3155
3156
3662
3157
3663
3158
3664
3159
3665
3160
3666
3161
3667
3162
3668
3163
3669
3164
3670
3165
3671
3166
3672
3167
3673
3168
3674
3169
3675
3170
3676
3171
3677
3172
3678
3173
3679
3174
3680
3175
3681
3176
3682
3177
3683
3178
3684
3179
3685
3180
3686
3181
3687
3182
3688
3183
3689
3184
3690
3185
3186
3691
3187
3692
3188
3693
3189
3694
3190
3695
3191
3696
3192
3697
3193
3698
3194
3699
3195
3700
3196
3701
3197
3702
3198
3703
3199
3704
3200
3705
3201
3706
3202
3707
3203
3708
3204
3709
3205
3710
3206
3711
3207
3712
3208
3713
3209
3714
3210
3715
3211
3716
3212
3717
3213
3718
3214
3719
3215
3720
3216
3721
3217
3722
3218
3723
3219
3724
3220
3725
3221
3726
3222
3727
3223
3728
3224
3729
3225
3730
3226
3731
3227
3732
3228
3733
3229
3734
3230
3735
3231
3736
3232
3737
3233
3738
3234
3739
3235
3740
3236
3741
3237
3742
3238
3743
3239
3744
3240
3745
3241
3746
3242
3747
3243
3748
3244
3749
3245
3246
3750
3247
3751
3248
3752
3249
3753
3250
3754
3251
3755
3252
3756
3253
3757
3254
3758
3255
3759
3256
3760
3257
3761
3258
3762
3259
3763
3260
3764
3261
3765
3262
3766
3263
3767
3264
3768
3265
3769
3266
3770
3267
3771
3268
3772
3269
3773
3270
3774
3271
3775
3272
3776
3273
3777
3274
3778
3275
3779
3276
3780
3277
3781
3278
3782
3279
3783
3280
3784
3281
3785
3282
3786
3283
3787
3284
3788
3285
3789
3286
3790
3287
3791
3288
3792
3289
3793
3290
3794
3291
3795
3292
3796
3293
3797
3294
3798
3295
3799
3296
3800
3297
3801
3298
3802
3299
3803
3300
3804
3301
3805
3302
3806
3303
3807
3304
3808
3305
3809
3306
3810
3307
3811
3308
3812
3309
3813
3310
3814
3311
3815
3312
3816
3313
3817
3314
3818
3315
3819
3316
3820
3317
3821
3318
3822
3319
3823
3320
3824
3321
3825
3322
3826
3323
3827
3324
3828
3325
3829
3326
3830
3327
3831
3328
3832
3329
3833
3330
3834
3331
3835
3332
3836
3333
3837
3334
3838
3335
3839
3336
3840
3337
3841
3338
3842
3339
3843
3340
3844
3341
3845
3342
3846
3343
3847
3344
3848
3345
3849
3346
3850
3347
3851
3348
3852
3349
3853
3350
3854
3351
3855
3352
3856
3353
3857
3354
3858
3355
3859
3356
3860
3357
3861
3358
3862
3359
3863
3360
3864
3361
3865
3362
3866
3363
3867
3364
3868
3365
3869
3366
3870
3367
3871
3368
3872
3369
3873
3370
3874
3371
3875
3372
3876
3373
3877
3374
3878
3375
3879
3376
3880
3377
3881
3378
3882
3379
3883
3380
3884
3381
3885
3382
3886
3383
3887
3384
3888
3385
3889
3386
3890
3387
3891
3388
3892
3389
3893
3390
3894
3391
3895
3392
3896
3393
3897
3394
3898
3395
3899
3396
3900
3397
3901
3398
3902
3399
3903
3400
3904
3401
3905
3402
3906
3403
3907
3404
3908
3405
3909
3406
3910
3407
3911
3408
3912
3409
3913
3410
3914
3411
3915
3412
3916
3413
3917
3414
3918
3415
3919
3416
3920
3417
3921
3418
3922
3419
3923
3420
3924
3421
3925
3422
3926
3423
3927
3424
3928
3425
3929
3426
3930
3427
3931
3428
3932
3429
3933
3430
3934
3431
3935
3432
3936
3433
3937
3434
3938
3435
3939
3436
3940
3437
3941
3438
3942
3439
3943
3440
3944
3441
3945
3442
3946
3443
3947
3444
3948
3445
3949
3446
3950
3447
3951
3448
3952
3449
3953
3450
3954
3451
3955
3452
3956
3453
3957
3454
3958
3455
3959
3456
3960
3457
3961
3458
3962
3459
3963
3460
3964
3461
3965
3462
3966
3463
3967
3464
3968
3465
3969
3466
3970
3467
3971
3468
3972
3469
3973
3470
3974
3471
3975
3472
3976
3473
3977
3474
3978
3475
3979
3476
3980
3477
3981
3478
3982
3479
3983
3480
3984
3481
3985
3482
3986
3483
3987
3484
3988
3485
3989
3486
3990
3487
3991
3488
3992
3489
3993
3490
3994
3491
3995
3492
3996
3493
3997
3494
3998
3495
3999
3496
4000
3497
4001
3498
4002
3499
4003
3500
4004
3501
4005
3502
4006
3503
4007
3504
4008
3505
4009
3506
4010
3507
4011
3508
4012
3509
4013
3510
4014
3511
4015
3512
4016
3513
4017
3514
4018
3515
4019
3516
4020
3517
4021
3518
4022
3519
4023
3520
4024
3521
4025
3522
4026
3523
4027
3524
4028
3525
4029
3526
4030
3527
4031
3528
4032
3529
4033
3530
4034
3531
4035
3532
4036
3533
4037
3534
4038
3535
4039
3536
4040
3537
4041
3538
4042
3539
4043
3540
4044
3541
4045
3542
4046
3543
4047
3544
4048
3545
4049
3546
4050
3547
4051
3548
4052
4053
3550
4054
3551
4055
3552
4056
3553
4057
3554
4058
3555
4059
3556
4060
3557
4061
3558
4062
3559
4063
3560
4064
3561
4065
3562
4066
3563
4067
3564
4068
3565
4069
3566
4070
3567
4071
3568
4072
3569
4073
3570
4074
3571
4075
3572
4076
3573
4077
3574
4078
3575
3576
4079
3577
4080
3578
4081
3579
4082
3580
4083
3581
4084
3582
4085
3583
4086
3584
4087
3585
4088
3586
4089
3587
4090
3588
4091
3589
4092
3590
4093
3591
4094
3592
4095
3593
4096
3594
4097
3595
4098
3596
4099
3597
4100
3598
4101
3599
4102
3600
4103
3601
4104
3602
4105
3603
4106
4107
3605
4108
3606
4109
3607
4110
3608
4111
3609
4112
3610
4113
3611
4114
3612
4115
3613
4116
3614
4117
3615
4118
3616
4119
3617
4120
3618
4121
3619
4122
3620
4123
3621
4124
3622
4125
3623
4126
3624
4127
3625
4128
3626
4129
3627
4130
3628
4131
3629
4132
3630
4133
3631
4134
3632
4135
4136
3634
4137
3635
4138
3636
4139
3637
4140
3638
4141
3639
4142
3640
4143
3641
4144
3642
4145
3643
4146
3644
4147
3645
4148
3646
4149
3647
4150
3648
4151
3649
4152
3650
4153
3651
4154
3652
4155
3653
4156
3654
4157
3655
4158
3656
4159
3657
4160
3658
4161
3659
4162
3660
4163
3661
4164
4165
3663
4166
3664
4167
3665
4168
3666
4169
3667
4170
3668
4171
3669
4172
3670
4173
3671
4174
3672
4175
3673
4176
3674
4177
3675
4178
3676
4179
3677
4180
3678
4181
3679
4182
3680
4183
3681
4184
3682
4185
3683
4186
3684
4187
3685
4188
3686
4189
3687
4190
3688
4191
3689
4192
3690
4193
4194
3692
4195
3693
4196
3694
4197
3695
4198
3696
4199
3697
4200
3698
4201
3699
4202
3700
4203
3701
4204
3702
4205
3703
4206
3704
4207
3705
4208
3706
4209
3707
4210
3708
4211
3709
4212
3710
4213
3711
4214
3712
4215
3713
4216
3714
4217
3715
4218
3716
4219
3717
4220
3718
4221
3719
4222
3720
4223
3721
3722
4224
3723
4225
3724
4226
3725
4227
3726
4228
3727
4229
3728
4230
3729
4231
3730
4232
3731
4233
3732
4234
3733
4235
3734
4236
3735
4237
3736
4238
3737
4239
3738
4240
3739
4241
3740
4242
3741
4243
3742
4244
3743
4245
3744
4246
3745
4247
3746
4248
3747
4249
3748
4250
3749
4251
4252
3751
4253
3752
4254
3753
4255
3754
4256
3755
4257
3756
4258
3757
4259
3758
4260
3759
4261
3760
4262
3761
4263
3762
4264
3763
4265
3764
4266
3765
4267
3766
4268
3767
4269
3768
4270
3769
4271
3770
4272
3771
4273
3772
4274
3773
4275
3774
4276
3775
4277
3776
4278
3777
4279
3778
4280
3779
4281
3780
4282
3781
4283
3782
4284
3783
4285
3784
4286
3785
4287
3786
4288
3787
4289
3788
4290
3789
4291
3790
4292
3791
4293
3792
4294
3793
4295
3794
4296
3795
4297
3796
4298
3797
4299
3798
4300
3799
4301
3800
4302
3801
4303
3802
4304
3803
4305
3804
4306
3805
4307
3806
4308
3807
4309
3808
4310
3809
4311
3810
4312
3811
4313
3812
4314
3813
4315
3814
4316
3815
4317
3816
4318
3817
4319
3818
4320
3819
4321
3820
4322
3821
4323
3822
4324
3823
4325
3824
4326
3825
4327
3826
4328
3827
4329
3828
4330
3829
4331
3830
4332
3831
4333
3832
4334
3833
4335
3834
4336
3835
4337
3836
4338
3837
4339
3838
4340
3839
4341
3840
4342
3841
4343
3842
4344
3843
4345
3844
4346
3845
4347
3846
4348
3847
4349
3848
4350
3849
4351
3850
4352
3851
4353
3852
4354
3853
4355
3854
4356
3855
4357
3856
4358
3857
4359
3858
4360
3859
4361
3860
4362
3861
4363
3862
4364
3863
4365
3864
4366
3865
4367
3866
4368
3867
4369
3868
4370
3869
4371
3870
4372
3871
4373
3872
4374
3873
4375
3874
4376
3875
4377
3876
4378
3877
4379
3878
4380
3879
4381
3880
4382
3881
4383
3882
4384
3883
4385
3884
4386
3885
4387
3886
4388
3887
4389
3888
4390
3889
4391
3890
4392
3891
4393
3892
4394
3893
4395
3894
4396
3895
4397
3896
4398
3897
4399
3898
4400
3899
4401
3900
4402
3901
4403
3902
4404
3903
4405
3904
4406
3905
4407
3906
4408
3907
4409
3908
4410
3909
4411
3910
4412
3911
4413
3912
4414
3913
4415
3914
4416
3915
4417
3916
4418
3917
4419
3918
4420
3919
4421
3920
4422
3921
4423
3922
4424
3923
4425
3924
4426
3925
4427
3926
4428
3927
4429
3928
4430
3929
4431
3930
4432
3931
4433
3932
4434
3933
4435
3934
4436
3935
4437
3936
4438
3937
4439
3938
4440
3939
4441
3940
4442
3941
4443
3942
4444
3943
4445
3944
4446
3945
4447
3946
4448
3947
4449
3948
4450
3949
4451
3950
4452
3951
4453
3952
4454
3953
4455
3954
4456
3955
4457
3956
4458
3957
4459
3958
4460
3959
4461
3960
4462
3961
4463
3962
4464
3963
4465
3964
4466
3965
4467
3966
4468
3967
4469
3968
4470
3969
4471
3970
4472
3971
4473
3972
4474
3973
4475
3974
4476
3975
4477
3976
4478
3977
4479
3978
4480
3979
4481
3980
4482
3981
4483
3982
4484
3983
4485
3984
4486
3985
4487
3986
4488
3987
4489
3988
4490
3989
4491
3990
4492
3991
4493
3992
4494
3993
4495
3994
4496
3995
4497
3996
4498
3997
4499
3998
4500
3999
4501
4000
4502
4001
4503
4002
4504
4003
4505
4004
4506
4005
4507
4006
4508
4007
4509
4008
4510
4009
4511
4010
4512
4011
4513
4012
4514
4013
4515
4014
4516
4015
4517
4016
4518
4017
4519
4018
4520
4019
4521
4020
4522
4021
4523
4022
4524
4023
4525
4024
4526
4025
4527
4026
4528
4027
4529
4028
4530
4029
4531
4030
4532
4031
4533
4032
4534
4033
4535
4034
4536
4035
4537
4036
4538
4037
4539
4038
4540
4039
4541
4040
4542
4041
4543
4042
4544
4043
4545
4044
4546
4045
4547
4046
4548
4047
4549
4048
4550
4049
4551
4050
4552
4051
4553
4052
4554
4053
4555
4556
4055
4557
4056
4558
4057
4559
4058
4560
4059
4561
4060
4562
4061
4563
4062
4564
4063
4565
4064
4566
4065
4567
4066
4568
4067
4569
4068
4570
4069
4571
4070
4572
4071
4573
4072
4574
4073
4575
4074
4576
4075
4577
4076
4578
4077
4579
4078
4580
4581
4080
4582
4081
4583
4082
4584
4083
4585
4084
4586
4085
4587
4086
4588
4087
4589
4088
4590
4089
4591
4090
4592
4091
4593
4092
4594
4093
4595
4094
4596
4095
4597
4096
4598
4097
4599
4098
4600
4099
4601
4100
4602
4101
4603
4102
4604
4103
4605
4104
4606
4105
4607
4106
4608
4107
4609
4610
4109
4611
4110
4612
4111
4613
4112
4614
4113
4615
4114
4616
4115
4617
4116
4618
4117
4619
4118
4620
4119
4621
4120
4622
4121
4623
4122
4624
4123
4625
4124
4626
4125
4627
4126
4628
4127
4629
4128
4630
4129
4631
4130
4632
4131
4633
4132
4634
4133
4635
4134
4636
4135
4637
4136
4638
4639
4138
4640
4139
4641
4140
4642
4141
4643
4142
4644
4143
4645
4144
4646
4145
4647
4146
4648
4147
4649
4148
4650
4149
4651
4150
4652
4151
4653
4152
4654
4153
4655
4154
4656
4155
4657
4156
4658
4157
4659
4158
4660
4159
4661
4160
4662
4161
4663
4162
4664
4163
4665
4164
4666
4165
4667
4668
4167
4669
4168
4670
4169
4671
4170
4672
4171
4673
4172
4674
4173
4675
4174
4676
4175
4677
4176
4678
4177
4679
4178
4680
4179
4681
4180
4682
4181
4683
4182
4684
4183
4685
4184
4686
4185
4687
4186
4688
4187
4689
4188
4690
4189
4691
4190
4692
4191
4693
4192
4694
4193
4695
4194
4696
4697
4196
4698
4197
4699
4198
4700
4199
4701
4200
4702
4201
4703
4202
4704
4203
4705
4204
4706
4205
4707
4206
4708
4207
4709
4208
4710
4209
4711
4210
4712
4211
4713
4212
4714
4213
4715
4214
4716
4215
4717
4216
4718
4217
4719
4218
4720
4219
4721
4220
4722
4221
4723
4222
4724
4223
4725
4726
4225
4727
4226
4728
4227
4729
4228
4730
4229
4731
4230
4732
4231
4733
4232
4734
4233
4735
4234
4736
4235
4737
4236
4738
4237
4739
4238
4740
4239
4741
4240
4742
4241
4743
4242
4744
4243
4745
4244
4746
4245
4747
4246
4748
4247
4749
4248
4750
4249
4751
4250
4752
4251
4753
4252
4754
4755
4254
4756
4255
4757
4256
4758
4257
4759
4258
4760
4259
4761
4260
4762
4261
4763
4262
4764
4263
4765
4264
4766
4265
4767
4266
4768
4267
4769
4268
4770
4269
4771
4270
4772
4271
4773
4272
4774
4273
4775
4274
4776
4275
4777
4276
4778
4277
4779
4278
4780
4279
4781
4280
4782
4281
4783
4282
4784
4283
4785
4284
4786
4285
4787
4286
4788
4287
4789
4288
4790
4289
4791
4290
4792
4291
4793
4292
4794
4293
4795
4294
4796
4295
4797
4296
4798
4297
4799
4298
4800
4299
4801
4300
4802
4301
4803
4302
4804
4303
4805
4304
4806
4305
4807
4306
4808
4307
4809
4308
4810
4309
4811
4310
4812
4311
4813
4312
4814
4313
4815
4314
4816
4315
4817
4316
4818
4317
4819
4318
4820
4319
4821
4320
4822
4321
4823
4322
4824
4323
4825
4324
4826
4325
4827
4326
4828
4327
4829
4328
4830
4329
4831
4330
4832
4331
4833
4332
4834
4333
4835
4334
4836
4335
4837
4336
4838
4337
4839
4338
4840
4339
4841
4340
4842
4341
4843
4342
4844
4343
4845
4344
4846
4345
4847
4346
4848
4347
4849
4348
4850
4349
4851
4350
4852
4351
4853
4352
4854
4353
4855
4354
4856
4355
4857
4356
4858
4357
4859
4358
4860
4359
4861
4360
4862
4361
4863
4362
4864
4363
4865
4364
4866
4365
4867
4366
4868
4367
4869
4368
4870
4369
4871
4370
4872
4371
4873
4372
4874
4373
4875
4374
4876
4375
4877
4376
4878
4377
4879
4378
4880
4379
4881
4380
4882
4381
4883
4382
4884
4383
4885
4384
4886
4385
4887
4386
4888
4387
4889
4388
4890
4389
4891
4390
4892
4391
4893
4392
4894
4393
4895
4394
4896
4395
4897
4396
4898
4397
4899
4398
4900
4399
4901
4400
4902
4401
4903
4402
4904
4403
4905
4404
4906
4405
4907
4406
4908
4407
4909
4408
4910
4409
4911
4410
4912
4411
4913
4412
4914
4413
4915
4414
4916
4415
4917
4416
4918
4417
4919
4418
4920
4419
4921
4420
4922
4421
4923
4422
4924
4423
4925
4424
4926
4425
4927
4426
4928
4427
4929
4428
4930
4429
4931
4430
4932
4431
4933
4432
4934
4433
4935
4434
4936
4435
4937
4436
4938
4437
4939
4438
4940
4439
4941
4440
4942
4441
4943
4442
4944
4443
4945
4444
4946
4445
4947
4446
4948
4447
4949
4448
4950
4449
4951
4450
4952
4451
4953
4452
4954
4453
4955
4454
4956
4455
4957
4456
4958
4457
4959
4458
4960
4459
4961
4460
4962
4461
4963
4462
4964
4463
4965
4464
4966
4465
4967
4466
4968
4467
4969
4468
4970
4469
4971
4470
4972
4471
4973
4472
4974
4473
4975
4474
4976
4475
4977
4476
4978
4477
4979
4478
4980
4479
4981
4480
4982
4481
4983
4482
4984
4483
4985
4484
4986
4485
4987
4486
4988
4487
4989
4488
4990
4489
4991
4490
4992
4491
4993
4492
4994
4493
4995
4494
4996
4495
4997
4496
4998
4497
4999
4498
5000
4499
5001
4500
5002
4501
5003
4502
5004
4503
5005
4504
5006
4505
5007
4506
5008
4507
5009
4508
5010
4509
5011
4510
5012
4511
5013
4512
5014
4513
5015
4514
5016
4515
5017
4516
5018
4517
5019
4518
5020
4519
5021
4520
5022
4521
5023
4522
5024
4523
5025
4524
5026
4525
5027
4526
5028
4527
5029
4528
5030
4529
5031
4530
5032
4531
5033
4532
5034
4533
5035
4534
5036
4535
5037
4536
5038
4537
5039
4538
5040
4539
5041
4540
5042
4541
5043
4542
5044
4543
5045
4544
5046
4545
5047
4546
5048
4547
5049
4548
5050
4549
5051
4550
5052
4551
5053
4552
5054
4553
5055
4554
5056
4555
5057
4556
5058
5059
4558
4559
4560
4561
4562
4563
4564
4565
4566
4567
4568
4569
4570
4571
4572
4573
4574
4575
4576
4577
4578
4579
4580
4581
4583
4584
4585
4586
4587
4588
4589
4590
4591
4592
4593
4594
4595
4596
4597
4598
4599
4600
4601
4602
4603
4604
4605
4606
4607
4608
4609
4610
4612
4613
4614
4615
4616
4617
4618
4619
4620
4621
4622
4623
4624
4625
4626
4627
4628
4629
4630
4631
4632
4633
4634
4635
4636
4637
4638
4639
4641
4642
4643
4644
4645
4646
4647
4648
4649
4650
4651
4652
4653
4654
4655
4656
4657
4658
4659
4660
4661
4662
4663
4664
4665
4666
4667
4668
4670
4671
4672
4673
4674
4675
4676
4677
4678
4679
4680
4681
4682
4683
4684
4685
4686
4687
4688
4689
4690
4691
4692
4693
4694
4695
4696
4697
4699
4700
4701
4702
4703
4704
4705
4706
4707
4708
4709
4710
4711
4712
4713
4714
4715
4716
4717
4718
4719
4720
4721
4722
4723
4724
4725
4726
4728
4729
4730
4731
4732
4733
4734
4735
4736
4737
4738
4739
4740
4741
4742
4743
4744
4745
4746
4747
4748
4749
4750
4751
4752
4753
4754
4755
4757
4758
4759
4760
4761
4762
4763
4764
4765
4766
4767
4768
4769
4770
4771
4772
4773
4774
4775
4776
4777
4778
4779
4780
4781
4782
4783
4784
4785
4786
4787
4788
4789
4790
4791
4792
4793
4794
4795
4796
4797
4798
4799
4800
4801
4802
4803
4804
4805
4806
4807
4808
4809
4810
4811
4812
4813
4814
4815
4816
4817
4818
4819
4820
4821
4822
4823
4824
4825
4826
4827
4828
4829
4830
4831
4832
4833
4834
4835
4836
4837
4838
4839
4840
4841
4842
4843
4844
4845
4846
4847
4848
4849
4850
4851
4852
4853
4854
4855
4856
4857
4858
4859
4860
4861
4862
4863
4864
4865
4866
4867
4868
4869
4870
4871
4872
4873
4874
4875
4876
4877
4878
4879
4880
4881
4882
4883
4884
4885
4886
4887
4888
4889
4890
4891
4892
4893
4894
4895
4896
4897
4898
4899
4900
4901
4902
4903
4904
4905
4906
4907
4908
4909
4910
4911
4912
4913
4914
4915
4916
4917
4918
4919
4920
4921
4922
4923
4924
4925
4926
4927
4928
4929
4930
4931
4932
4933
4934
4935
4936
4937
4938
4939
4940
4941
4942
4943
4944
4945
4946
4947
4948
4949
4950
4951
4952
4953
4954
4955
4956
4957
4958
4959
4960
4961
4962
4963
4964
4965
4966
4967
4968
4969
4970
4971
4972
4973
4974
4975
4976
4977
4978
4979
4980
4981
4982
4983
4984
4985
4986
4987
4988
4989
4990
4991
4992
4993
4994
4995
4996
4997
4998
4999
5000
5001
5002
5003
5004
5005
5006
5007
5008
5009
5010
5011
5012
5013
5014
5015
5016
5017
5018
5019
5020
5021
5022
5023
5024
5025
5026
5027
5028
5029
5030
5031
5032
5033
5034
5035
5036
5037
5038
5039
5040
5041
5042
5043
5044
5045
5046
5047
5048
5049
5050
5051
5052
5053
5054
5055
5056
5057
5058
5059
)


// ************************************************************************* //
