/*--------------------------------*- C++ -*----------------------------------*\
  =========                 |
  \\      /  F ield         | OpenFOAM: The Open Source CFD Toolbox
   \\    /   O peration     | Website:  https://openfoam.org
    \\  /    A nd           | Version:  12
     \\/     M anipulation  |
\*---------------------------------------------------------------------------*/
FoamFile
{
    format      ascii;
    class       labelList;
    note        "nPoints: 11242 nCells: 5060 nFaces: 20800 nInternalFaces: 9560";
    location    "constant/polyMesh";
    object      owner;
}
// * * * * * * * * * * * * * * * * * * * * * * * * * * * * * * * * * * * * * //


20800
(
0
0
1
1
2
2
3
3
4
4
5
5
6
6
7
7
8
8
9
9
10
10
11
11
12
12
13
13
14
14
15
15
16
16
17
17
18
18
19
19
20
20
21
21
22
22
23
23
24
25
25
26
26
27
27
28
28
29
29
30
30
31
31
32
32
33
33
34
34
35
35
36
36
37
37
38
38
39
39
40
40
41
41
42
42
43
43
44
44
45
45
46
46
47
47
48
48
49
49
50
50
51
51
52
52
53
54
54
55
55
56
56
57
57
58
58
59
59
60
60
61
61
62
62
63
63
64
64
65
65
66
66
67
67
68
68
69
69
70
70
71
71
72
72
73
73
74
74
75
75
76
76
77
77
78
78
79
79
80
80
81
81
82
83
83
84
84
85
85
86
86
87
87
88
88
89
89
90
90
91
91
92
92
93
93
94
94
95
95
96
96
97
97
98
98
99
99
100
100
101
101
102
102
103
103
104
104
105
105
106
106
107
107
108
108
109
109
110
110
111
112
112
113
113
114
114
115
115
116
116
117
117
118
118
119
119
120
120
121
121
122
122
123
123
124
124
125
125
126
126
127
127
128
128
129
129
130
130
131
131
132
132
133
133
134
134
135
135
136
136
137
137
138
138
139
139
140
141
141
142
142
143
143
144
144
145
145
146
146
147
147
148
148
149
149
150
150
151
151
152
152
153
153
154
154
155
155
156
156
157
157
158
158
159
159
160
160
161
161
162
162
163
163
164
164
165
165
166
166
167
167
168
168
169
170
170
171
171
172
172
173
173
174
174
175
175
176
176
177
177
178
178
179
179
180
180
181
181
182
182
183
183
184
184
185
185
186
186
187
187
188
188
189
189
190
190
191
191
192
192
193
193
194
194
195
195
196
196
197
197
198
199
199
200
200
201
201
202
202
203
203
204
204
205
205
206
206
207
207
208
208
209
209
210
210
211
211
212
212
213
213
214
214
215
215
216
216
217
217
218
218
219
219
220
220
221
221
222
222
223
223
224
224
225
225
226
226
227
227
228
228
229
229
230
230
231
231
232
232
233
233
234
234
235
235
236
236
237
237
238
238
239
239
240
240
241
241
242
242
243
243
244
244
245
245
246
246
247
247
248
248
249
249
250
250
251
251
252
252
253
253
254
254
255
255
256
256
257
257
258
258
259
259
260
260
261
261
262
262
263
263
264
264
265
265
266
266
267
267
268
268
269
269
270
270
271
271
272
272
273
273
274
274
275
275
276
276
277
277
278
278
279
279
280
280
281
281
282
282
283
283
284
284
285
285
286
286
287
287
288
288
289
289
290
290
291
291
292
292
293
293
294
294
295
295
296
296
297
297
298
298
299
299
300
300
301
301
302
302
303
303
304
304
305
305
306
306
307
307
308
308
309
309
310
310
311
311
312
312
313
313
314
314
315
315
316
316
317
317
318
318
319
319
320
320
321
321
322
322
323
323
324
324
325
325
326
326
327
327
328
328
329
329
330
330
331
331
332
332
333
333
334
334
335
335
336
336
337
337
338
338
339
339
340
340
341
341
342
342
343
343
344
344
345
345
346
346
347
347
348
348
349
349
350
350
351
351
352
352
353
353
354
354
355
355
356
356
357
357
358
358
359
359
360
360
361
361
362
362
363
363
364
364
365
365
366
366
367
367
368
368
369
369
370
370
371
371
372
372
373
373
374
374
375
375
376
376
377
377
378
378
379
379
380
380
381
381
382
382
383
383
384
384
385
385
386
386
387
387
388
388
389
389
390
390
391
391
392
392
393
393
394
394
395
395
396
396
397
397
398
398
399
399
400
400
401
401
402
402
403
403
404
404
405
405
406
406
407
407
408
408
409
409
410
410
411
411
412
412
413
413
414
414
415
415
416
416
417
417
418
418
419
419
420
420
421
421
422
422
423
423
424
424
425
425
426
426
427
427
428
428
429
429
430
430
431
431
432
432
433
433
434
434
435
435
436
436
437
437
438
438
439
439
440
440
441
441
442
442
443
443
444
444
445
445
446
446
447
447
448
448
449
449
450
450
451
451
452
452
453
453
454
454
455
455
456
456
457
457
458
458
459
459
460
460
461
461
462
462
463
463
464
464
465
465
466
466
467
467
468
468
469
469
470
470
471
471
472
472
473
473
474
474
475
475
476
476
477
477
478
478
479
479
480
480
481
481
482
482
483
483
484
484
485
485
486
486
487
487
488
488
489
489
490
490
491
491
492
492
493
493
494
494
495
495
496
496
497
497
498
498
499
499
500
500
501
501
502
503
503
504
504
505
505
506
506
507
507
508
508
509
509
510
510
511
511
512
512
513
513
514
514
515
515
516
516
517
517
518
518
519
519
520
520
521
521
522
522
523
523
524
524
525
525
526
526
527
528
528
529
529
530
530
531
531
532
532
533
533
534
534
535
535
536
536
537
537
538
538
539
539
540
540
541
541
542
542
543
543
544
544
545
545
546
546
547
547
548
548
549
549
550
550
551
551
552
552
553
553
554
554
555
555
556
557
557
558
558
559
559
560
560
561
561
562
562
563
563
564
564
565
565
566
566
567
567
568
568
569
569
570
570
571
571
572
572
573
573
574
574
575
575
576
576
577
577
578
578
579
579
580
580
581
581
582
582
583
583
584
584
585
586
586
587
587
588
588
589
589
590
590
591
591
592
592
593
593
594
594
595
595
596
596
597
597
598
598
599
599
600
600
601
601
602
602
603
603
604
604
605
605
606
606
607
607
608
608
609
609
610
610
611
611
612
612
613
613
614
615
615
616
616
617
617
618
618
619
619
620
620
621
621
622
622
623
623
624
624
625
625
626
626
627
627
628
628
629
629
630
630
631
631
632
632
633
633
634
634
635
635
636
636
637
637
638
638
639
639
640
640
641
641
642
642
643
644
644
645
645
646
646
647
647
648
648
649
649
650
650
651
651
652
652
653
653
654
654
655
655
656
656
657
657
658
658
659
659
660
660
661
661
662
662
663
663
664
664
665
665
666
666
667
667
668
668
669
669
670
670
671
671
672
673
673
674
674
675
675
676
676
677
677
678
678
679
679
680
680
681
681
682
682
683
683
684
684
685
685
686
686
687
687
688
688
689
689
690
690
691
691
692
692
693
693
694
694
695
695
696
696
697
697
698
698
699
699
700
700
701
702
702
703
703
704
704
705
705
706
706
707
707
708
708
709
709
710
710
711
711
712
712
713
713
714
714
715
715
716
716
717
717
718
718
719
719
720
720
721
721
722
722
723
723
724
724
725
725
726
726
727
727
728
728
729
729
730
730
731
731
732
732
733
733
734
734
735
735
736
736
737
737
738
738
739
739
740
740
741
741
742
742
743
743
744
744
745
745
746
746
747
747
748
748
749
749
750
750
751
751
752
752
753
753
754
754
755
755
756
756
757
757
758
758
759
759
760
760
761
761
762
762
763
763
764
764
765
765
766
766
767
767
768
768
769
769
770
770
771
771
772
772
773
773
774
774
775
775
776
776
777
777
778
778
779
779
780
780
781
781
782
782
783
783
784
784
785
785
786
786
787
787
788
788
789
789
790
790
791
791
792
792
793
793
794
794
795
795
796
796
797
797
798
798
799
799
800
800
801
801
802
802
803
803
804
804
805
805
806
806
807
807
808
808
809
809
810
810
811
811
812
812
813
813
814
814
815
815
816
816
817
817
818
818
819
819
820
820
821
821
822
822
823
823
824
824
825
825
826
826
827
827
828
828
829
829
830
830
831
831
832
832
833
833
834
834
835
835
836
836
837
837
838
838
839
839
840
840
841
841
842
842
843
843
844
844
845
845
846
846
847
847
848
848
849
849
850
850
851
851
852
852
853
853
854
854
855
855
856
856
857
857
858
858
859
859
860
860
861
861
862
862
863
863
864
864
865
865
866
866
867
867
868
868
869
869
870
870
871
871
872
872
873
873
874
874
875
875
876
876
877
877
878
878
879
879
880
880
881
881
882
882
883
883
884
884
885
885
886
886
887
887
888
888
889
889
890
890
891
891
892
892
893
893
894
894
895
895
896
896
897
897
898
898
899
899
900
900
901
901
902
902
903
903
904
904
905
905
906
906
907
907
908
908
909
909
910
910
911
911
912
912
913
913
914
914
915
915
916
916
917
917
918
918
919
919
920
920
921
921
922
922
923
923
924
924
925
925
926
926
927
927
928
928
929
929
930
930
931
931
932
932
933
933
934
934
935
935
936
936
937
937
938
938
939
939
940
940
941
941
942
942
943
943
944
944
945
945
946
946
947
947
948
948
949
949
950
950
951
951
952
952
953
953
954
954
955
955
956
956
957
957
958
958
959
959
960
960
961
961
962
962
963
963
964
964
965
965
966
966
967
967
968
968
969
969
970
970
971
971
972
972
973
973
974
974
975
975
976
976
977
977
978
978
979
979
980
980
981
981
982
982
983
983
984
984
985
985
986
986
987
987
988
988
989
989
990
990
991
991
992
992
993
993
994
994
995
995
996
996
997
997
998
998
999
999
1000
1000
1001
1001
1002
1002
1003
1003
1004
1004
1005
1006
1006
1007
1007
1008
1008
1009
1009
1010
1010
1011
1011
1012
1012
1013
1013
1014
1014
1015
1015
1016
1016
1017
1017
1018
1018
1019
1019
1020
1020
1021
1021
1022
1022
1023
1023
1024
1024
1025
1025
1026
1026
1027
1027
1028
1028
1029
1029
1030
1031
1031
1032
1032
1033
1033
1034
1034
1035
1035
1036
1036
1037
1037
1038
1038
1039
1039
1040
1040
1041
1041
1042
1042
1043
1043
1044
1044
1045
1045
1046
1046
1047
1047
1048
1048
1049
1049
1050
1050
1051
1051
1052
1052
1053
1053
1054
1054
1055
1055
1056
1056
1057
1057
1058
1058
1059
1060
1060
1061
1061
1062
1062
1063
1063
1064
1064
1065
1065
1066
1066
1067
1067
1068
1068
1069
1069
1070
1070
1071
1071
1072
1072
1073
1073
1074
1074
1075
1075
1076
1076
1077
1077
1078
1078
1079
1079
1080
1080
1081
1081
1082
1082
1083
1083
1084
1084
1085
1085
1086
1086
1087
1087
1088
1089
1089
1090
1090
1091
1091
1092
1092
1093
1093
1094
1094
1095
1095
1096
1096
1097
1097
1098
1098
1099
1099
1100
1100
1101
1101
1102
1102
1103
1103
1104
1104
1105
1105
1106
1106
1107
1107
1108
1108
1109
1109
1110
1110
1111
1111
1112
1112
1113
1113
1114
1114
1115
1115
1116
1116
1117
1118
1118
1119
1119
1120
1120
1121
1121
1122
1122
1123
1123
1124
1124
1125
1125
1126
1126
1127
1127
1128
1128
1129
1129
1130
1130
1131
1131
1132
1132
1133
1133
1134
1134
1135
1135
1136
1136
1137
1137
1138
1138
1139
1139
1140
1140
1141
1141
1142
1142
1143
1143
1144
1144
1145
1145
1146
1147
1147
1148
1148
1149
1149
1150
1150
1151
1151
1152
1152
1153
1153
1154
1154
1155
1155
1156
1156
1157
1157
1158
1158
1159
1159
1160
1160
1161
1161
1162
1162
1163
1163
1164
1164
1165
1165
1166
1166
1167
1167
1168
1168
1169
1169
1170
1170
1171
1171
1172
1172
1173
1173
1174
1174
1175
1176
1176
1177
1177
1178
1178
1179
1179
1180
1180
1181
1181
1182
1182
1183
1183
1184
1184
1185
1185
1186
1186
1187
1187
1188
1188
1189
1189
1190
1190
1191
1191
1192
1192
1193
1193
1194
1194
1195
1195
1196
1196
1197
1197
1198
1198
1199
1199
1200
1200
1201
1201
1202
1202
1203
1203
1204
1205
1205
1206
1206
1207
1207
1208
1208
1209
1209
1210
1210
1211
1211
1212
1212
1213
1213
1214
1214
1215
1215
1216
1216
1217
1217
1218
1218
1219
1219
1220
1220
1221
1221
1222
1222
1223
1223
1224
1224
1225
1225
1226
1226
1227
1227
1228
1228
1229
1229
1230
1230
1231
1231
1232
1232
1233
1233
1234
1234
1235
1235
1236
1236
1237
1237
1238
1238
1239
1239
1240
1240
1241
1241
1242
1242
1243
1243
1244
1244
1245
1245
1246
1246
1247
1247
1248
1248
1249
1249
1250
1250
1251
1251
1252
1252
1253
1253
1254
1254
1255
1255
1256
1256
1257
1257
1258
1258
1259
1259
1260
1260
1261
1261
1262
1262
1263
1263
1264
1264
1265
1265
1266
1266
1267
1267
1268
1268
1269
1269
1270
1270
1271
1271
1272
1272
1273
1273
1274
1274
1275
1275
1276
1276
1277
1277
1278
1278
1279
1279
1280
1280
1281
1281
1282
1282
1283
1283
1284
1284
1285
1285
1286
1286
1287
1287
1288
1288
1289
1289
1290
1290
1291
1291
1292
1292
1293
1293
1294
1294
1295
1295
1296
1296
1297
1297
1298
1298
1299
1299
1300
1300
1301
1301
1302
1302
1303
1303
1304
1304
1305
1305
1306
1306
1307
1307
1308
1308
1309
1309
1310
1310
1311
1311
1312
1312
1313
1313
1314
1314
1315
1315
1316
1316
1317
1317
1318
1318
1319
1319
1320
1320
1321
1321
1322
1322
1323
1323
1324
1324
1325
1325
1326
1326
1327
1327
1328
1328
1329
1329
1330
1330
1331
1331
1332
1332
1333
1333
1334
1334
1335
1335
1336
1336
1337
1337
1338
1338
1339
1339
1340
1340
1341
1341
1342
1342
1343
1343
1344
1344
1345
1345
1346
1346
1347
1347
1348
1348
1349
1349
1350
1350
1351
1351
1352
1352
1353
1353
1354
1354
1355
1355
1356
1356
1357
1357
1358
1358
1359
1359
1360
1360
1361
1361
1362
1362
1363
1363
1364
1364
1365
1365
1366
1366
1367
1367
1368
1368
1369
1369
1370
1370
1371
1371
1372
1372
1373
1373
1374
1374
1375
1375
1376
1376
1377
1377
1378
1378
1379
1379
1380
1380
1381
1381
1382
1382
1383
1383
1384
1384
1385
1385
1386
1386
1387
1387
1388
1388
1389
1389
1390
1390
1391
1391
1392
1392
1393
1393
1394
1394
1395
1395
1396
1396
1397
1397
1398
1398
1399
1399
1400
1400
1401
1401
1402
1402
1403
1403
1404
1404
1405
1405
1406
1406
1407
1407
1408
1408
1409
1409
1410
1410
1411
1411
1412
1412
1413
1413
1414
1414
1415
1415
1416
1416
1417
1417
1418
1418
1419
1419
1420
1420
1421
1421
1422
1422
1423
1423
1424
1424
1425
1425
1426
1426
1427
1427
1428
1428
1429
1429
1430
1430
1431
1431
1432
1432
1433
1433
1434
1434
1435
1435
1436
1436
1437
1437
1438
1438
1439
1439
1440
1440
1441
1441
1442
1442
1443
1443
1444
1444
1445
1445
1446
1446
1447
1447
1448
1448
1449
1449
1450
1450
1451
1451
1452
1452
1453
1453
1454
1454
1455
1455
1456
1456
1457
1457
1458
1458
1459
1459
1460
1460
1461
1461
1462
1462
1463
1463
1464
1464
1465
1465
1466
1466
1467
1467
1468
1468
1469
1469
1470
1470
1471
1471
1472
1472
1473
1473
1474
1474
1475
1475
1476
1476
1477
1477
1478
1478
1479
1479
1480
1480
1481
1481
1482
1482
1483
1483
1484
1484
1485
1485
1486
1486
1487
1487
1488
1488
1489
1489
1490
1490
1491
1491
1492
1492
1493
1493
1494
1494
1495
1495
1496
1496
1497
1497
1498
1498
1499
1499
1500
1500
1501
1501
1502
1502
1503
1503
1504
1504
1505
1505
1506
1506
1507
1507
1508
1509
1509
1510
1510
1511
1511
1512
1512
1513
1513
1514
1514
1515
1515
1516
1516
1517
1517
1518
1518
1519
1519
1520
1520
1521
1521
1522
1522
1523
1523
1524
1524
1525
1525
1526
1526
1527
1527
1528
1528
1529
1529
1530
1530
1531
1531
1532
1532
1533
1533
1534
1534
1535
1535
1536
1536
1537
1537
1538
1538
1539
1539
1540
1540
1541
1541
1542
1542
1543
1543
1544
1544
1545
1545
1546
1546
1547
1547
1548
1548
1549
1549
1550
1550
1551
1551
1552
1552
1553
1553
1554
1554
1555
1555
1556
1556
1557
1557
1558
1558
1559
1559
1560
1560
1561
1561
1562
1562
1563
1563
1564
1564
1565
1565
1566
1566
1567
1567
1568
1568
1569
1569
1570
1570
1571
1571
1572
1572
1573
1573
1574
1574
1575
1575
1576
1576
1577
1577
1578
1578
1579
1579
1580
1580
1581
1581
1582
1582
1583
1583
1584
1584
1585
1585
1586
1586
1587
1587
1588
1588
1589
1589
1590
1590
1591
1591
1592
1592
1593
1593
1594
1594
1595
1595
1596
1596
1597
1597
1598
1598
1599
1599
1600
1600
1601
1601
1602
1602
1603
1603
1604
1604
1605
1605
1606
1606
1607
1607
1608
1608
1609
1609
1610
1610
1611
1611
1612
1612
1613
1613
1614
1614
1615
1615
1616
1616
1617
1617
1618
1618
1619
1619
1620
1620
1621
1621
1622
1622
1623
1623
1624
1624
1625
1625
1626
1626
1627
1627
1628
1628
1629
1629
1630
1630
1631
1631
1632
1632
1633
1633
1634
1634
1635
1635
1636
1636
1637
1637
1638
1638
1639
1639
1640
1640
1641
1641
1642
1642
1643
1643
1644
1644
1645
1645
1646
1646
1647
1647
1648
1648
1649
1649
1650
1650
1651
1651
1652
1652
1653
1653
1654
1654
1655
1655
1656
1656
1657
1657
1658
1658
1659
1659
1660
1660
1661
1661
1662
1662
1663
1663
1664
1664
1665
1665
1666
1666
1667
1667
1668
1668
1669
1669
1670
1670
1671
1671
1672
1672
1673
1673
1674
1674
1675
1675
1676
1676
1677
1677
1678
1678
1679
1679
1680
1680
1681
1681
1682
1682
1683
1683
1684
1684
1685
1685
1686
1686
1687
1687
1688
1688
1689
1689
1690
1690
1691
1691
1692
1692
1693
1693
1694
1694
1695
1695
1696
1696
1697
1697
1698
1698
1699
1699
1700
1700
1701
1701
1702
1702
1703
1703
1704
1704
1705
1705
1706
1706
1707
1707
1708
1708
1709
1709
1710
1710
1711
1711
1712
1712
1713
1713
1714
1714
1715
1715
1716
1716
1717
1717
1718
1718
1719
1719
1720
1720
1721
1721
1722
1722
1723
1723
1724
1724
1725
1725
1726
1726
1727
1727
1728
1728
1729
1729
1730
1730
1731
1731
1732
1732
1733
1733
1734
1734
1735
1735
1736
1736
1737
1737
1738
1738
1739
1739
1740
1740
1741
1741
1742
1742
1743
1743
1744
1744
1745
1745
1746
1746
1747
1747
1748
1748
1749
1749
1750
1750
1751
1751
1752
1752
1753
1753
1754
1754
1755
1755
1756
1756
1757
1757
1758
1758
1759
1759
1760
1760
1761
1761
1762
1762
1763
1763
1764
1764
1765
1765
1766
1766
1767
1767
1768
1768
1769
1769
1770
1770
1771
1771
1772
1772
1773
1773
1774
1774
1775
1775
1776
1776
1777
1777
1778
1778
1779
1779
1780
1780
1781
1781
1782
1782
1783
1783
1784
1784
1785
1785
1786
1786
1787
1787
1788
1788
1789
1789
1790
1790
1791
1791
1792
1792
1793
1793
1794
1794
1795
1795
1796
1796
1797
1797
1798
1798
1799
1799
1800
1800
1801
1801
1802
1802
1803
1803
1804
1804
1805
1805
1806
1806
1807
1807
1808
1808
1809
1809
1810
1810
1811
1811
1812
1812
1813
1813
1814
1814
1815
1815
1816
1816
1817
1817
1818
1818
1819
1819
1820
1820
1821
1821
1822
1822
1823
1823
1824
1824
1825
1825
1826
1826
1827
1827
1828
1828
1829
1829
1830
1830
1831
1831
1832
1832
1833
1833
1834
1834
1835
1835
1836
1836
1837
1837
1838
1838
1839
1839
1840
1840
1841
1841
1842
1842
1843
1843
1844
1844
1845
1845
1846
1846
1847
1847
1848
1848
1849
1849
1850
1850
1851
1851
1852
1852
1853
1853
1854
1854
1855
1855
1856
1856
1857
1857
1858
1858
1859
1859
1860
1860
1861
1861
1862
1862
1863
1863
1864
1864
1865
1865
1866
1866
1867
1867
1868
1868
1869
1869
1870
1870
1871
1871
1872
1872
1873
1873
1874
1874
1875
1875
1876
1876
1877
1877
1878
1878
1879
1879
1880
1880
1881
1881
1882
1882
1883
1883
1884
1884
1885
1885
1886
1886
1887
1887
1888
1888
1889
1889
1890
1890
1891
1891
1892
1892
1893
1893
1894
1894
1895
1895
1896
1896
1897
1897
1898
1898
1899
1899
1900
1900
1901
1901
1902
1902
1903
1903
1904
1904
1905
1905
1906
1906
1907
1907
1908
1908
1909
1909
1910
1910
1911
1911
1912
1912
1913
1913
1914
1914
1915
1915
1916
1916
1917
1917
1918
1918
1919
1919
1920
1920
1921
1921
1922
1922
1923
1923
1924
1924
1925
1925
1926
1926
1927
1927
1928
1928
1929
1929
1930
1930
1931
1931
1932
1932
1933
1933
1934
1934
1935
1935
1936
1936
1937
1937
1938
1938
1939
1939
1940
1940
1941
1941
1942
1942
1943
1943
1944
1944
1945
1945
1946
1946
1947
1947
1948
1948
1949
1949
1950
1950
1951
1951
1952
1952
1953
1953
1954
1954
1955
1955
1956
1956
1957
1957
1958
1958
1959
1959
1960
1960
1961
1961
1962
1962
1963
1963
1964
1964
1965
1965
1966
1966
1967
1967
1968
1968
1969
1969
1970
1970
1971
1971
1972
1972
1973
1973
1974
1974
1975
1975
1976
1976
1977
1977
1978
1978
1979
1979
1980
1980
1981
1981
1982
1982
1983
1983
1984
1984
1985
1985
1986
1986
1987
1987
1988
1988
1989
1989
1990
1990
1991
1991
1992
1992
1993
1993
1994
1994
1995
1995
1996
1996
1997
1997
1998
1998
1999
1999
2000
2000
2001
2001
2002
2002
2003
2003
2004
2004
2005
2005
2006
2006
2007
2007
2008
2008
2009
2009
2010
2010
2011
2011
2012
2012
2013
2013
2014
2014
2015
2015
2016
2016
2017
2017
2018
2019
2019
2020
2020
2021
2021
2022
2022
2023
2023
2024
2024
2025
2025
2026
2026
2027
2027
2028
2028
2029
2029
2030
2030
2031
2031
2032
2032
2033
2033
2034
2034
2035
2035
2036
2036
2037
2037
2038
2038
2039
2039
2040
2040
2041
2041
2042
2042
2043
2043
2044
2044
2045
2045
2046
2046
2047
2047
2048
2048
2049
2049
2050
2050
2051
2051
2052
2052
2053
2053
2054
2054
2055
2055
2056
2056
2057
2057
2058
2058
2059
2059
2060
2060
2061
2061
2062
2062
2063
2063
2064
2064
2065
2065
2066
2066
2067
2067
2068
2068
2069
2069
2070
2070
2071
2071
2072
2072
2073
2073
2074
2074
2075
2075
2076
2076
2077
2077
2078
2078
2079
2079
2080
2080
2081
2081
2082
2082
2083
2083
2084
2084
2085
2085
2086
2086
2087
2087
2088
2088
2089
2089
2090
2090
2091
2091
2092
2092
2093
2093
2094
2094
2095
2095
2096
2096
2097
2097
2098
2098
2099
2099
2100
2100
2101
2101
2102
2102
2103
2103
2104
2104
2105
2105
2106
2106
2107
2107
2108
2108
2109
2109
2110
2110
2111
2111
2112
2112
2113
2113
2114
2114
2115
2115
2116
2116
2117
2117
2118
2118
2119
2119
2120
2120
2121
2121
2122
2122
2123
2123
2124
2124
2125
2125
2126
2126
2127
2127
2128
2128
2129
2129
2130
2130
2131
2131
2132
2132
2133
2133
2134
2134
2135
2135
2136
2136
2137
2137
2138
2138
2139
2139
2140
2140
2141
2141
2142
2142
2143
2143
2144
2144
2145
2145
2146
2146
2147
2147
2148
2148
2149
2149
2150
2150
2151
2151
2152
2152
2153
2153
2154
2154
2155
2155
2156
2156
2157
2157
2158
2158
2159
2159
2160
2160
2161
2161
2162
2162
2163
2163
2164
2164
2165
2165
2166
2166
2167
2167
2168
2168
2169
2169
2170
2170
2171
2171
2172
2172
2173
2173
2174
2174
2175
2175
2176
2176
2177
2177
2178
2178
2179
2179
2180
2180
2181
2181
2182
2182
2183
2183
2184
2184
2185
2185
2186
2186
2187
2187
2188
2188
2189
2189
2190
2190
2191
2191
2192
2192
2193
2193
2194
2194
2195
2195
2196
2196
2197
2197
2198
2198
2199
2199
2200
2200
2201
2201
2202
2202
2203
2203
2204
2204
2205
2205
2206
2206
2207
2207
2208
2208
2209
2209
2210
2210
2211
2211
2212
2212
2213
2213
2214
2214
2215
2215
2216
2216
2217
2217
2218
2218
2219
2219
2220
2220
2221
2221
2222
2222
2223
2223
2224
2224
2225
2225
2226
2226
2227
2227
2228
2228
2229
2229
2230
2230
2231
2231
2232
2232
2233
2233
2234
2234
2235
2235
2236
2236
2237
2237
2238
2238
2239
2239
2240
2240
2241
2241
2242
2242
2243
2243
2244
2244
2245
2245
2246
2246
2247
2247
2248
2248
2249
2249
2250
2250
2251
2251
2252
2252
2253
2253
2254
2254
2255
2255
2256
2256
2257
2257
2258
2258
2259
2259
2260
2260
2261
2261
2262
2262
2263
2263
2264
2264
2265
2265
2266
2266
2267
2267
2268
2268
2269
2269
2270
2270
2271
2271
2272
2272
2273
2273
2274
2274
2275
2275
2276
2276
2277
2277
2278
2278
2279
2279
2280
2280
2281
2281
2282
2282
2283
2283
2284
2284
2285
2285
2286
2286
2287
2287
2288
2288
2289
2289
2290
2290
2291
2291
2292
2292
2293
2293
2294
2294
2295
2295
2296
2296
2297
2297
2298
2298
2299
2299
2300
2300
2301
2301
2302
2302
2303
2303
2304
2304
2305
2305
2306
2306
2307
2307
2308
2308
2309
2309
2310
2310
2311
2311
2312
2312
2313
2313
2314
2314
2315
2315
2316
2316
2317
2317
2318
2318
2319
2319
2320
2320
2321
2321
2322
2322
2323
2323
2324
2324
2325
2325
2326
2326
2327
2327
2328
2328
2329
2329
2330
2330
2331
2331
2332
2332
2333
2333
2334
2334
2335
2335
2336
2336
2337
2337
2338
2338
2339
2339
2340
2340
2341
2341
2342
2342
2343
2343
2344
2344
2345
2345
2346
2346
2347
2347
2348
2348
2349
2349
2350
2350
2351
2351
2352
2352
2353
2353
2354
2354
2355
2355
2356
2356
2357
2357
2358
2358
2359
2359
2360
2360
2361
2361
2362
2362
2363
2363
2364
2364
2365
2365
2366
2366
2367
2367
2368
2368
2369
2369
2370
2370
2371
2371
2372
2372
2373
2373
2374
2374
2375
2375
2376
2376
2377
2377
2378
2378
2379
2379
2380
2380
2381
2381
2382
2382
2383
2383
2384
2384
2385
2385
2386
2386
2387
2387
2388
2388
2389
2389
2390
2390
2391
2391
2392
2392
2393
2393
2394
2394
2395
2395
2396
2396
2397
2397
2398
2398
2399
2399
2400
2400
2401
2401
2402
2402
2403
2403
2404
2404
2405
2405
2406
2406
2407
2407
2408
2408
2409
2409
2410
2410
2411
2411
2412
2412
2413
2413
2414
2414
2415
2415
2416
2416
2417
2417
2418
2418
2419
2419
2420
2420
2421
2421
2422
2422
2423
2423
2424
2424
2425
2425
2426
2426
2427
2427
2428
2428
2429
2429
2430
2430
2431
2431
2432
2432
2433
2433
2434
2434
2435
2435
2436
2436
2437
2437
2438
2438
2439
2439
2440
2440
2441
2441
2442
2442
2443
2443
2444
2444
2445
2445
2446
2446
2447
2447
2448
2448
2449
2449
2450
2450
2451
2451
2452
2452
2453
2453
2454
2454
2455
2455
2456
2456
2457
2457
2458
2458
2459
2459
2460
2460
2461
2461
2462
2462
2463
2463
2464
2464
2465
2465
2466
2466
2467
2467
2468
2468
2469
2469
2470
2470
2471
2471
2472
2472
2473
2473
2474
2474
2475
2475
2476
2476
2477
2477
2478
2478
2479
2479
2480
2480
2481
2481
2482
2482
2483
2483
2484
2484
2485
2485
2486
2486
2487
2487
2488
2488
2489
2489
2490
2490
2491
2491
2492
2492
2493
2493
2494
2494
2495
2495
2496
2496
2497
2497
2498
2498
2499
2499
2500
2500
2501
2501
2502
2502
2503
2503
2504
2504
2505
2505
2506
2506
2507
2507
2508
2508
2509
2509
2510
2510
2511
2511
2512
2512
2513
2513
2514
2514
2515
2515
2516
2516
2517
2517
2518
2518
2519
2519
2520
2520
2521
2521
2522
2522
2523
2523
2524
2524
2525
2525
2526
2526
2527
2527
2528
2529
2529
2530
2530
2531
2531
2532
2532
2533
2533
2534
2534
2535
2535
2536
2536
2537
2537
2538
2538
2539
2539
2540
2540
2541
2541
2542
2542
2543
2543
2544
2544
2545
2545
2546
2546
2547
2547
2548
2548
2549
2549
2550
2550
2551
2551
2552
2552
2553
2553
2554
2554
2555
2555
2556
2556
2557
2557
2558
2558
2559
2559
2560
2560
2561
2561
2562
2562
2563
2563
2564
2564
2565
2565
2566
2566
2567
2567
2568
2568
2569
2569
2570
2570
2571
2571
2572
2572
2573
2573
2574
2574
2575
2575
2576
2576
2577
2577
2578
2578
2579
2579
2580
2580
2581
2581
2582
2582
2583
2583
2584
2584
2585
2585
2586
2586
2587
2587
2588
2588
2589
2589
2590
2590
2591
2591
2592
2592
2593
2593
2594
2594
2595
2595
2596
2596
2597
2597
2598
2598
2599
2599
2600
2600
2601
2601
2602
2602
2603
2603
2604
2604
2605
2605
2606
2606
2607
2607
2608
2608
2609
2609
2610
2610
2611
2611
2612
2612
2613
2613
2614
2614
2615
2615
2616
2616
2617
2617
2618
2618
2619
2619
2620
2620
2621
2621
2622
2622
2623
2623
2624
2624
2625
2625
2626
2626
2627
2627
2628
2628
2629
2629
2630
2630
2631
2631
2632
2632
2633
2633
2634
2634
2635
2635
2636
2636
2637
2637
2638
2638
2639
2639
2640
2640
2641
2641
2642
2642
2643
2643
2644
2644
2645
2645
2646
2646
2647
2647
2648
2648
2649
2649
2650
2650
2651
2651
2652
2652
2653
2653
2654
2654
2655
2655
2656
2656
2657
2657
2658
2658
2659
2659
2660
2660
2661
2661
2662
2662
2663
2663
2664
2664
2665
2665
2666
2666
2667
2667
2668
2668
2669
2669
2670
2670
2671
2671
2672
2672
2673
2673
2674
2674
2675
2675
2676
2676
2677
2677
2678
2678
2679
2679
2680
2680
2681
2681
2682
2682
2683
2683
2684
2684
2685
2685
2686
2686
2687
2687
2688
2688
2689
2689
2690
2690
2691
2691
2692
2692
2693
2693
2694
2694
2695
2695
2696
2696
2697
2697
2698
2698
2699
2699
2700
2700
2701
2701
2702
2702
2703
2703
2704
2704
2705
2705
2706
2706
2707
2707
2708
2708
2709
2709
2710
2710
2711
2711
2712
2712
2713
2713
2714
2714
2715
2715
2716
2716
2717
2717
2718
2718
2719
2719
2720
2720
2721
2721
2722
2722
2723
2723
2724
2724
2725
2725
2726
2726
2727
2727
2728
2728
2729
2729
2730
2730
2731
2731
2732
2732
2733
2733
2734
2734
2735
2735
2736
2736
2737
2737
2738
2738
2739
2739
2740
2740
2741
2741
2742
2742
2743
2743
2744
2744
2745
2745
2746
2746
2747
2747
2748
2748
2749
2749
2750
2750
2751
2751
2752
2752
2753
2753
2754
2754
2755
2755
2756
2756
2757
2757
2758
2758
2759
2759
2760
2760
2761
2761
2762
2762
2763
2763
2764
2764
2765
2765
2766
2766
2767
2767
2768
2768
2769
2769
2770
2770
2771
2771
2772
2772
2773
2773
2774
2774
2775
2775
2776
2776
2777
2777
2778
2778
2779
2779
2780
2780
2781
2781
2782
2782
2783
2783
2784
2784
2785
2785
2786
2786
2787
2787
2788
2788
2789
2789
2790
2790
2791
2791
2792
2792
2793
2793
2794
2794
2795
2795
2796
2796
2797
2797
2798
2798
2799
2799
2800
2800
2801
2801
2802
2802
2803
2803
2804
2804
2805
2805
2806
2806
2807
2807
2808
2808
2809
2809
2810
2810
2811
2811
2812
2812
2813
2813
2814
2814
2815
2815
2816
2816
2817
2817
2818
2818
2819
2819
2820
2820
2821
2821
2822
2822
2823
2823
2824
2824
2825
2825
2826
2826
2827
2827
2828
2828
2829
2829
2830
2830
2831
2831
2832
2832
2833
2833
2834
2834
2835
2835
2836
2836
2837
2837
2838
2838
2839
2839
2840
2840
2841
2841
2842
2842
2843
2843
2844
2844
2845
2845
2846
2846
2847
2847
2848
2848
2849
2849
2850
2850
2851
2851
2852
2852
2853
2853
2854
2854
2855
2855
2856
2856
2857
2857
2858
2858
2859
2859
2860
2860
2861
2861
2862
2862
2863
2863
2864
2864
2865
2865
2866
2866
2867
2867
2868
2868
2869
2869
2870
2870
2871
2871
2872
2872
2873
2873
2874
2874
2875
2875
2876
2876
2877
2877
2878
2878
2879
2879
2880
2880
2881
2881
2882
2882
2883
2883
2884
2884
2885
2885
2886
2886
2887
2887
2888
2888
2889
2889
2890
2890
2891
2891
2892
2892
2893
2893
2894
2894
2895
2895
2896
2896
2897
2897
2898
2898
2899
2899
2900
2900
2901
2901
2902
2902
2903
2903
2904
2904
2905
2905
2906
2906
2907
2907
2908
2908
2909
2909
2910
2910
2911
2911
2912
2912
2913
2913
2914
2914
2915
2915
2916
2916
2917
2917
2918
2918
2919
2919
2920
2920
2921
2921
2922
2922
2923
2923
2924
2924
2925
2925
2926
2926
2927
2927
2928
2928
2929
2929
2930
2930
2931
2931
2932
2932
2933
2933
2934
2934
2935
2935
2936
2936
2937
2937
2938
2938
2939
2939
2940
2940
2941
2941
2942
2942
2943
2943
2944
2944
2945
2945
2946
2946
2947
2947
2948
2948
2949
2949
2950
2950
2951
2951
2952
2952
2953
2953
2954
2954
2955
2955
2956
2956
2957
2957
2958
2958
2959
2959
2960
2960
2961
2961
2962
2962
2963
2963
2964
2964
2965
2965
2966
2966
2967
2967
2968
2968
2969
2969
2970
2970
2971
2971
2972
2972
2973
2973
2974
2974
2975
2975
2976
2976
2977
2977
2978
2978
2979
2979
2980
2980
2981
2981
2982
2982
2983
2983
2984
2984
2985
2985
2986
2986
2987
2987
2988
2988
2989
2989
2990
2990
2991
2991
2992
2992
2993
2993
2994
2994
2995
2995
2996
2996
2997
2997
2998
2998
2999
2999
3000
3000
3001
3001
3002
3002
3003
3003
3004
3004
3005
3005
3006
3006
3007
3007
3008
3008
3009
3009
3010
3010
3011
3011
3012
3012
3013
3013
3014
3014
3015
3015
3016
3016
3017
3017
3018
3018
3019
3019
3020
3020
3021
3021
3022
3022
3023
3023
3024
3024
3025
3025
3026
3026
3027
3027
3028
3028
3029
3029
3030
3030
3031
3031
3032
3032
3033
3033
3034
3034
3035
3035
3036
3036
3037
3037
3038
3039
3039
3040
3040
3041
3041
3042
3042
3043
3043
3044
3044
3045
3045
3046
3046
3047
3047
3048
3048
3049
3049
3050
3050
3051
3051
3052
3052
3053
3053
3054
3054
3055
3055
3056
3056
3057
3057
3058
3058
3059
3059
3060
3060
3061
3061
3062
3062
3063
3063
3064
3064
3065
3065
3066
3066
3067
3067
3068
3068
3069
3069
3070
3070
3071
3071
3072
3072
3073
3073
3074
3074
3075
3075
3076
3076
3077
3077
3078
3078
3079
3079
3080
3080
3081
3081
3082
3082
3083
3083
3084
3084
3085
3085
3086
3086
3087
3087
3088
3088
3089
3089
3090
3090
3091
3091
3092
3092
3093
3093
3094
3095
3095
3096
3096
3097
3097
3098
3098
3099
3099
3100
3100
3101
3101
3102
3102
3103
3103
3104
3104
3105
3105
3106
3106
3107
3107
3108
3108
3109
3109
3110
3110
3111
3111
3112
3112
3113
3113
3114
3114
3115
3115
3116
3116
3117
3117
3118
3118
3119
3119
3120
3120
3121
3121
3122
3122
3123
3123
3124
3125
3125
3126
3126
3127
3127
3128
3128
3129
3129
3130
3130
3131
3131
3132
3132
3133
3133
3134
3134
3135
3135
3136
3136
3137
3137
3138
3138
3139
3139
3140
3140
3141
3141
3142
3142
3143
3143
3144
3144
3145
3145
3146
3146
3147
3147
3148
3148
3149
3149
3150
3150
3151
3151
3152
3152
3153
3153
3154
3155
3155
3156
3156
3157
3157
3158
3158
3159
3159
3160
3160
3161
3161
3162
3162
3163
3163
3164
3164
3165
3165
3166
3166
3167
3167
3168
3168
3169
3169
3170
3170
3171
3171
3172
3172
3173
3173
3174
3174
3175
3175
3176
3176
3177
3177
3178
3178
3179
3179
3180
3180
3181
3181
3182
3182
3183
3183
3184
3185
3185
3186
3186
3187
3187
3188
3188
3189
3189
3190
3190
3191
3191
3192
3192
3193
3193
3194
3194
3195
3195
3196
3196
3197
3197
3198
3198
3199
3199
3200
3200
3201
3201
3202
3202
3203
3203
3204
3204
3205
3205
3206
3206
3207
3207
3208
3208
3209
3209
3210
3210
3211
3211
3212
3212
3213
3213
3214
3214
3215
3215
3216
3216
3217
3217
3218
3218
3219
3219
3220
3220
3221
3221
3222
3222
3223
3223
3224
3224
3225
3225
3226
3226
3227
3227
3228
3228
3229
3229
3230
3230
3231
3231
3232
3232
3233
3233
3234
3234
3235
3235
3236
3236
3237
3237
3238
3238
3239
3239
3240
3240
3241
3241
3242
3242
3243
3243
3244
3245
3245
3246
3246
3247
3247
3248
3248
3249
3249
3250
3250
3251
3251
3252
3252
3253
3253
3254
3254
3255
3255
3256
3256
3257
3257
3258
3258
3259
3259
3260
3260
3261
3261
3262
3262
3263
3263
3264
3264
3265
3265
3266
3266
3267
3267
3268
3268
3269
3269
3270
3270
3271
3271
3272
3272
3273
3273
3274
3274
3275
3275
3276
3276
3277
3277
3278
3278
3279
3279
3280
3280
3281
3281
3282
3282
3283
3283
3284
3284
3285
3285
3286
3286
3287
3287
3288
3288
3289
3289
3290
3290
3291
3291
3292
3292
3293
3293
3294
3294
3295
3295
3296
3296
3297
3297
3298
3298
3299
3299
3300
3300
3301
3301
3302
3302
3303
3303
3304
3304
3305
3305
3306
3306
3307
3307
3308
3308
3309
3309
3310
3310
3311
3311
3312
3312
3313
3313
3314
3314
3315
3315
3316
3316
3317
3317
3318
3318
3319
3319
3320
3320
3321
3321
3322
3322
3323
3323
3324
3324
3325
3325
3326
3326
3327
3327
3328
3328
3329
3329
3330
3330
3331
3331
3332
3332
3333
3333
3334
3334
3335
3335
3336
3336
3337
3337
3338
3338
3339
3339
3340
3340
3341
3341
3342
3342
3343
3343
3344
3344
3345
3345
3346
3346
3347
3347
3348
3348
3349
3349
3350
3350
3351
3351
3352
3352
3353
3353
3354
3354
3355
3355
3356
3356
3357
3357
3358
3358
3359
3359
3360
3360
3361
3361
3362
3362
3363
3363
3364
3364
3365
3365
3366
3366
3367
3367
3368
3368
3369
3369
3370
3370
3371
3371
3372
3372
3373
3373
3374
3374
3375
3375
3376
3376
3377
3377
3378
3378
3379
3379
3380
3380
3381
3381
3382
3382
3383
3383
3384
3384
3385
3385
3386
3386
3387
3387
3388
3388
3389
3389
3390
3390
3391
3391
3392
3392
3393
3393
3394
3394
3395
3395
3396
3396
3397
3397
3398
3398
3399
3399
3400
3400
3401
3401
3402
3402
3403
3403
3404
3404
3405
3405
3406
3406
3407
3407
3408
3408
3409
3409
3410
3410
3411
3411
3412
3412
3413
3413
3414
3414
3415
3415
3416
3416
3417
3417
3418
3418
3419
3419
3420
3420
3421
3421
3422
3422
3423
3423
3424
3424
3425
3425
3426
3426
3427
3427
3428
3428
3429
3429
3430
3430
3431
3431
3432
3432
3433
3433
3434
3434
3435
3435
3436
3436
3437
3437
3438
3438
3439
3439
3440
3440
3441
3441
3442
3442
3443
3443
3444
3444
3445
3445
3446
3446
3447
3447
3448
3448
3449
3449
3450
3450
3451
3451
3452
3452
3453
3453
3454
3454
3455
3455
3456
3456
3457
3457
3458
3458
3459
3459
3460
3460
3461
3461
3462
3462
3463
3463
3464
3464
3465
3465
3466
3466
3467
3467
3468
3468
3469
3469
3470
3470
3471
3471
3472
3472
3473
3473
3474
3474
3475
3475
3476
3476
3477
3477
3478
3478
3479
3479
3480
3480
3481
3481
3482
3482
3483
3483
3484
3484
3485
3485
3486
3486
3487
3487
3488
3488
3489
3489
3490
3490
3491
3491
3492
3492
3493
3493
3494
3494
3495
3495
3496
3496
3497
3497
3498
3498
3499
3499
3500
3500
3501
3501
3502
3502
3503
3503
3504
3504
3505
3505
3506
3506
3507
3507
3508
3508
3509
3509
3510
3510
3511
3511
3512
3512
3513
3513
3514
3514
3515
3515
3516
3516
3517
3517
3518
3518
3519
3519
3520
3520
3521
3521
3522
3522
3523
3523
3524
3524
3525
3525
3526
3526
3527
3527
3528
3528
3529
3529
3530
3530
3531
3531
3532
3532
3533
3533
3534
3534
3535
3535
3536
3536
3537
3537
3538
3538
3539
3539
3540
3540
3541
3541
3542
3542
3543
3543
3544
3544
3545
3545
3546
3546
3547
3547
3548
3549
3549
3550
3550
3551
3551
3552
3552
3553
3553
3554
3554
3555
3555
3556
3556
3557
3557
3558
3558
3559
3559
3560
3560
3561
3561
3562
3562
3563
3563
3564
3564
3565
3565
3566
3566
3567
3567
3568
3568
3569
3569
3570
3570
3571
3571
3572
3572
3573
3573
3574
3575
3575
3576
3576
3577
3577
3578
3578
3579
3579
3580
3580
3581
3581
3582
3582
3583
3583
3584
3584
3585
3585
3586
3586
3587
3587
3588
3588
3589
3589
3590
3590
3591
3591
3592
3592
3593
3593
3594
3594
3595
3595
3596
3596
3597
3597
3598
3598
3599
3599
3600
3600
3601
3601
3602
3602
3603
3604
3604
3605
3605
3606
3606
3607
3607
3608
3608
3609
3609
3610
3610
3611
3611
3612
3612
3613
3613
3614
3614
3615
3615
3616
3616
3617
3617
3618
3618
3619
3619
3620
3620
3621
3621
3622
3622
3623
3623
3624
3624
3625
3625
3626
3626
3627
3627
3628
3628
3629
3629
3630
3630
3631
3631
3632
3633
3633
3634
3634
3635
3635
3636
3636
3637
3637
3638
3638
3639
3639
3640
3640
3641
3641
3642
3642
3643
3643
3644
3644
3645
3645
3646
3646
3647
3647
3648
3648
3649
3649
3650
3650
3651
3651
3652
3652
3653
3653
3654
3654
3655
3655
3656
3656
3657
3657
3658
3658
3659
3659
3660
3660
3661
3662
3662
3663
3663
3664
3664
3665
3665
3666
3666
3667
3667
3668
3668
3669
3669
3670
3670
3671
3671
3672
3672
3673
3673
3674
3674
3675
3675
3676
3676
3677
3677
3678
3678
3679
3679
3680
3680
3681
3681
3682
3682
3683
3683
3684
3684
3685
3685
3686
3686
3687
3687
3688
3688
3689
3689
3690
3691
3691
3692
3692
3693
3693
3694
3694
3695
3695
3696
3696
3697
3697
3698
3698
3699
3699
3700
3700
3701
3701
3702
3702
3703
3703
3704
3704
3705
3705
3706
3706
3707
3707
3708
3708
3709
3709
3710
3710
3711
3711
3712
3712
3713
3713
3714
3714
3715
3715
3716
3716
3717
3717
3718
3718
3719
3719
3720
3721
3721
3722
3722
3723
3723
3724
3724
3725
3725
3726
3726
3727
3727
3728
3728
3729
3729
3730
3730
3731
3731
3732
3732
3733
3733
3734
3734
3735
3735
3736
3736
3737
3737
3738
3738
3739
3739
3740
3740
3741
3741
3742
3742
3743
3743
3744
3744
3745
3745
3746
3746
3747
3747
3748
3748
3749
3750
3750
3751
3751
3752
3752
3753
3753
3754
3754
3755
3755
3756
3756
3757
3757
3758
3758
3759
3759
3760
3760
3761
3761
3762
3762
3763
3763
3764
3764
3765
3765
3766
3766
3767
3767
3768
3768
3769
3769
3770
3770
3771
3771
3772
3772
3773
3773
3774
3774
3775
3775
3776
3776
3777
3777
3778
3778
3779
3779
3780
3780
3781
3781
3782
3782
3783
3783
3784
3784
3785
3785
3786
3786
3787
3787
3788
3788
3789
3789
3790
3790
3791
3791
3792
3792
3793
3793
3794
3794
3795
3795
3796
3796
3797
3797
3798
3798
3799
3799
3800
3800
3801
3801
3802
3802
3803
3803
3804
3804
3805
3805
3806
3806
3807
3807
3808
3808
3809
3809
3810
3810
3811
3811
3812
3812
3813
3813
3814
3814
3815
3815
3816
3816
3817
3817
3818
3818
3819
3819
3820
3820
3821
3821
3822
3822
3823
3823
3824
3824
3825
3825
3826
3826
3827
3827
3828
3828
3829
3829
3830
3830
3831
3831
3832
3832
3833
3833
3834
3834
3835
3835
3836
3836
3837
3837
3838
3838
3839
3839
3840
3840
3841
3841
3842
3842
3843
3843
3844
3844
3845
3845
3846
3846
3847
3847
3848
3848
3849
3849
3850
3850
3851
3851
3852
3852
3853
3853
3854
3854
3855
3855
3856
3856
3857
3857
3858
3858
3859
3859
3860
3860
3861
3861
3862
3862
3863
3863
3864
3864
3865
3865
3866
3866
3867
3867
3868
3868
3869
3869
3870
3870
3871
3871
3872
3872
3873
3873
3874
3874
3875
3875
3876
3876
3877
3877
3878
3878
3879
3879
3880
3880
3881
3881
3882
3882
3883
3883
3884
3884
3885
3885
3886
3886
3887
3887
3888
3888
3889
3889
3890
3890
3891
3891
3892
3892
3893
3893
3894
3894
3895
3895
3896
3896
3897
3897
3898
3898
3899
3899
3900
3900
3901
3901
3902
3902
3903
3903
3904
3904
3905
3905
3906
3906
3907
3907
3908
3908
3909
3909
3910
3910
3911
3911
3912
3912
3913
3913
3914
3914
3915
3915
3916
3916
3917
3917
3918
3918
3919
3919
3920
3920
3921
3921
3922
3922
3923
3923
3924
3924
3925
3925
3926
3926
3927
3927
3928
3928
3929
3929
3930
3930
3931
3931
3932
3932
3933
3933
3934
3934
3935
3935
3936
3936
3937
3937
3938
3938
3939
3939
3940
3940
3941
3941
3942
3942
3943
3943
3944
3944
3945
3945
3946
3946
3947
3947
3948
3948
3949
3949
3950
3950
3951
3951
3952
3952
3953
3953
3954
3954
3955
3955
3956
3956
3957
3957
3958
3958
3959
3959
3960
3960
3961
3961
3962
3962
3963
3963
3964
3964
3965
3965
3966
3966
3967
3967
3968
3968
3969
3969
3970
3970
3971
3971
3972
3972
3973
3973
3974
3974
3975
3975
3976
3976
3977
3977
3978
3978
3979
3979
3980
3980
3981
3981
3982
3982
3983
3983
3984
3984
3985
3985
3986
3986
3987
3987
3988
3988
3989
3989
3990
3990
3991
3991
3992
3992
3993
3993
3994
3994
3995
3995
3996
3996
3997
3997
3998
3998
3999
3999
4000
4000
4001
4001
4002
4002
4003
4003
4004
4004
4005
4005
4006
4006
4007
4007
4008
4008
4009
4009
4010
4010
4011
4011
4012
4012
4013
4013
4014
4014
4015
4015
4016
4016
4017
4017
4018
4018
4019
4019
4020
4020
4021
4021
4022
4022
4023
4023
4024
4024
4025
4025
4026
4026
4027
4027
4028
4028
4029
4029
4030
4030
4031
4031
4032
4032
4033
4033
4034
4034
4035
4035
4036
4036
4037
4037
4038
4038
4039
4039
4040
4040
4041
4041
4042
4042
4043
4043
4044
4044
4045
4045
4046
4046
4047
4047
4048
4048
4049
4049
4050
4050
4051
4051
4052
4052
4053
4054
4054
4055
4055
4056
4056
4057
4057
4058
4058
4059
4059
4060
4060
4061
4061
4062
4062
4063
4063
4064
4064
4065
4065
4066
4066
4067
4067
4068
4068
4069
4069
4070
4070
4071
4071
4072
4072
4073
4073
4074
4074
4075
4075
4076
4076
4077
4077
4078
4079
4079
4080
4080
4081
4081
4082
4082
4083
4083
4084
4084
4085
4085
4086
4086
4087
4087
4088
4088
4089
4089
4090
4090
4091
4091
4092
4092
4093
4093
4094
4094
4095
4095
4096
4096
4097
4097
4098
4098
4099
4099
4100
4100
4101
4101
4102
4102
4103
4103
4104
4104
4105
4105
4106
4106
4107
4108
4108
4109
4109
4110
4110
4111
4111
4112
4112
4113
4113
4114
4114
4115
4115
4116
4116
4117
4117
4118
4118
4119
4119
4120
4120
4121
4121
4122
4122
4123
4123
4124
4124
4125
4125
4126
4126
4127
4127
4128
4128
4129
4129
4130
4130
4131
4131
4132
4132
4133
4133
4134
4134
4135
4135
4136
4137
4137
4138
4138
4139
4139
4140
4140
4141
4141
4142
4142
4143
4143
4144
4144
4145
4145
4146
4146
4147
4147
4148
4148
4149
4149
4150
4150
4151
4151
4152
4152
4153
4153
4154
4154
4155
4155
4156
4156
4157
4157
4158
4158
4159
4159
4160
4160
4161
4161
4162
4162
4163
4163
4164
4164
4165
4166
4166
4167
4167
4168
4168
4169
4169
4170
4170
4171
4171
4172
4172
4173
4173
4174
4174
4175
4175
4176
4176
4177
4177
4178
4178
4179
4179
4180
4180
4181
4181
4182
4182
4183
4183
4184
4184
4185
4185
4186
4186
4187
4187
4188
4188
4189
4189
4190
4190
4191
4191
4192
4192
4193
4193
4194
4195
4195
4196
4196
4197
4197
4198
4198
4199
4199
4200
4200
4201
4201
4202
4202
4203
4203
4204
4204
4205
4205
4206
4206
4207
4207
4208
4208
4209
4209
4210
4210
4211
4211
4212
4212
4213
4213
4214
4214
4215
4215
4216
4216
4217
4217
4218
4218
4219
4219
4220
4220
4221
4221
4222
4222
4223
4224
4224
4225
4225
4226
4226
4227
4227
4228
4228
4229
4229
4230
4230
4231
4231
4232
4232
4233
4233
4234
4234
4235
4235
4236
4236
4237
4237
4238
4238
4239
4239
4240
4240
4241
4241
4242
4242
4243
4243
4244
4244
4245
4245
4246
4246
4247
4247
4248
4248
4249
4249
4250
4250
4251
4251
4252
4253
4253
4254
4254
4255
4255
4256
4256
4257
4257
4258
4258
4259
4259
4260
4260
4261
4261
4262
4262
4263
4263
4264
4264
4265
4265
4266
4266
4267
4267
4268
4268
4269
4269
4270
4270
4271
4271
4272
4272
4273
4273
4274
4274
4275
4275
4276
4276
4277
4277
4278
4278
4279
4279
4280
4280
4281
4281
4282
4282
4283
4283
4284
4284
4285
4285
4286
4286
4287
4287
4288
4288
4289
4289
4290
4290
4291
4291
4292
4292
4293
4293
4294
4294
4295
4295
4296
4296
4297
4297
4298
4298
4299
4299
4300
4300
4301
4301
4302
4302
4303
4303
4304
4304
4305
4305
4306
4306
4307
4307
4308
4308
4309
4309
4310
4310
4311
4311
4312
4312
4313
4313
4314
4314
4315
4315
4316
4316
4317
4317
4318
4318
4319
4319
4320
4320
4321
4321
4322
4322
4323
4323
4324
4324
4325
4325
4326
4326
4327
4327
4328
4328
4329
4329
4330
4330
4331
4331
4332
4332
4333
4333
4334
4334
4335
4335
4336
4336
4337
4337
4338
4338
4339
4339
4340
4340
4341
4341
4342
4342
4343
4343
4344
4344
4345
4345
4346
4346
4347
4347
4348
4348
4349
4349
4350
4350
4351
4351
4352
4352
4353
4353
4354
4354
4355
4355
4356
4356
4357
4357
4358
4358
4359
4359
4360
4360
4361
4361
4362
4362
4363
4363
4364
4364
4365
4365
4366
4366
4367
4367
4368
4368
4369
4369
4370
4370
4371
4371
4372
4372
4373
4373
4374
4374
4375
4375
4376
4376
4377
4377
4378
4378
4379
4379
4380
4380
4381
4381
4382
4382
4383
4383
4384
4384
4385
4385
4386
4386
4387
4387
4388
4388
4389
4389
4390
4390
4391
4391
4392
4392
4393
4393
4394
4394
4395
4395
4396
4396
4397
4397
4398
4398
4399
4399
4400
4400
4401
4401
4402
4402
4403
4403
4404
4404
4405
4405
4406
4406
4407
4407
4408
4408
4409
4409
4410
4410
4411
4411
4412
4412
4413
4413
4414
4414
4415
4415
4416
4416
4417
4417
4418
4418
4419
4419
4420
4420
4421
4421
4422
4422
4423
4423
4424
4424
4425
4425
4426
4426
4427
4427
4428
4428
4429
4429
4430
4430
4431
4431
4432
4432
4433
4433
4434
4434
4435
4435
4436
4436
4437
4437
4438
4438
4439
4439
4440
4440
4441
4441
4442
4442
4443
4443
4444
4444
4445
4445
4446
4446
4447
4447
4448
4448
4449
4449
4450
4450
4451
4451
4452
4452
4453
4453
4454
4454
4455
4455
4456
4456
4457
4457
4458
4458
4459
4459
4460
4460
4461
4461
4462
4462
4463
4463
4464
4464
4465
4465
4466
4466
4467
4467
4468
4468
4469
4469
4470
4470
4471
4471
4472
4472
4473
4473
4474
4474
4475
4475
4476
4476
4477
4477
4478
4478
4479
4479
4480
4480
4481
4481
4482
4482
4483
4483
4484
4484
4485
4485
4486
4486
4487
4487
4488
4488
4489
4489
4490
4490
4491
4491
4492
4492
4493
4493
4494
4494
4495
4495
4496
4496
4497
4497
4498
4498
4499
4499
4500
4500
4501
4501
4502
4502
4503
4503
4504
4504
4505
4505
4506
4506
4507
4507
4508
4508
4509
4509
4510
4510
4511
4511
4512
4512
4513
4513
4514
4514
4515
4515
4516
4516
4517
4517
4518
4518
4519
4519
4520
4520
4521
4521
4522
4522
4523
4523
4524
4524
4525
4525
4526
4526
4527
4527
4528
4528
4529
4529
4530
4530
4531
4531
4532
4532
4533
4533
4534
4534
4535
4535
4536
4536
4537
4537
4538
4538
4539
4539
4540
4540
4541
4541
4542
4542
4543
4543
4544
4544
4545
4545
4546
4546
4547
4547
4548
4548
4549
4549
4550
4550
4551
4551
4552
4552
4553
4553
4554
4554
4555
4555
4556
4557
4558
4559
4560
4561
4562
4563
4564
4565
4566
4567
4568
4569
4570
4571
4572
4573
4574
4575
4576
4577
4578
4579
4580
4582
4583
4584
4585
4586
4587
4588
4589
4590
4591
4592
4593
4594
4595
4596
4597
4598
4599
4600
4601
4602
4603
4604
4605
4606
4607
4608
4609
4611
4612
4613
4614
4615
4616
4617
4618
4619
4620
4621
4622
4623
4624
4625
4626
4627
4628
4629
4630
4631
4632
4633
4634
4635
4636
4637
4638
4640
4641
4642
4643
4644
4645
4646
4647
4648
4649
4650
4651
4652
4653
4654
4655
4656
4657
4658
4659
4660
4661
4662
4663
4664
4665
4666
4667
4669
4670
4671
4672
4673
4674
4675
4676
4677
4678
4679
4680
4681
4682
4683
4684
4685
4686
4687
4688
4689
4690
4691
4692
4693
4694
4695
4696
4698
4699
4700
4701
4702
4703
4704
4705
4706
4707
4708
4709
4710
4711
4712
4713
4714
4715
4716
4717
4718
4719
4720
4721
4722
4723
4724
4725
4727
4728
4729
4730
4731
4732
4733
4734
4735
4736
4737
4738
4739
4740
4741
4742
4743
4744
4745
4746
4747
4748
4749
4750
4751
4752
4753
4754
4756
4757
4758
4759
4760
4761
4762
4763
4764
4765
4766
4767
4768
4769
4770
4771
4772
4773
4774
4775
4776
4777
4778
4779
4780
4781
4782
4783
4784
4785
4786
4787
4788
4789
4790
4791
4792
4793
4794
4795
4796
4797
4798
4799
4800
4801
4802
4803
4804
4805
4806
4807
4808
4809
4810
4811
4812
4813
4814
4815
4816
4817
4818
4819
4820
4821
4822
4823
4824
4825
4826
4827
4828
4829
4830
4831
4832
4833
4834
4835
4836
4837
4838
4839
4840
4841
4842
4843
4844
4845
4846
4847
4848
4849
4850
4851
4852
4853
4854
4855
4856
4857
4858
4859
4860
4861
4862
4863
4864
4865
4866
4867
4868
4869
4870
4871
4872
4873
4874
4875
4876
4877
4878
4879
4880
4881
4882
4883
4884
4885
4886
4887
4888
4889
4890
4891
4892
4893
4894
4895
4896
4897
4898
4899
4900
4901
4902
4903
4904
4905
4906
4907
4908
4909
4910
4911
4912
4913
4914
4915
4916
4917
4918
4919
4920
4921
4922
4923
4924
4925
4926
4927
4928
4929
4930
4931
4932
4933
4934
4935
4936
4937
4938
4939
4940
4941
4942
4943
4944
4945
4946
4947
4948
4949
4950
4951
4952
4953
4954
4955
4956
4957
4958
4959
4960
4961
4962
4963
4964
4965
4966
4967
4968
4969
4970
4971
4972
4973
4974
4975
4976
4977
4978
4979
4980
4981
4982
4983
4984
4985
4986
4987
4988
4989
4990
4991
4992
4993
4994
4995
4996
4997
4998
4999
5000
5001
5002
5003
5004
5005
5006
5007
5008
5009
5010
5011
5012
5013
5014
5015
5016
5017
5018
5019
5020
5021
5022
5023
5024
5025
5026
5027
5028
5029
5030
5031
5032
5033
5034
5035
5036
5037
5038
5039
5040
5041
5042
5043
5044
5045
5046
5047
5048
5049
5050
5051
5052
5053
5054
5055
5056
5057
5058
0
503
1006
1509
2019
2529
3039
3549
4054
4557
502
1005
1508
2018
2528
3038
3548
4053
4556
5059
0
1
2
3
4
5
6
7
8
9
10
11
12
13
14
15
16
17
18
19
20
21
22
23
24
25
26
27
28
29
30
31
32
33
34
35
36
37
38
39
40
41
42
43
44
45
46
47
48
49
50
51
52
53
54
55
56
57
58
59
60
61
62
63
64
65
66
67
68
69
70
71
72
73
74
75
76
77
78
79
80
81
82
83
84
85
86
87
88
89
90
91
92
93
94
95
96
97
98
99
100
101
102
103
104
105
106
107
108
109
110
111
112
113
114
115
116
117
118
119
120
121
122
123
124
125
126
127
128
129
130
131
132
133
134
135
136
137
138
139
140
141
142
143
144
145
146
147
148
149
150
151
152
153
154
155
156
157
158
159
160
161
162
163
164
165
166
167
168
169
170
171
172
173
174
175
176
177
178
179
180
181
182
183
184
185
186
187
188
189
190
191
192
193
194
195
196
197
198
199
200
201
202
203
204
205
206
207
208
209
210
211
212
213
214
215
216
217
218
219
220
221
222
223
224
225
226
227
228
229
230
231
232
233
234
235
236
237
238
239
240
241
242
243
244
245
246
247
248
249
250
251
252
253
254
255
256
257
258
259
260
261
262
263
264
265
266
267
268
269
270
271
272
273
274
275
276
277
278
279
280
281
282
283
284
285
286
287
288
289
290
291
292
293
294
295
296
297
298
299
300
301
302
303
304
305
306
307
308
309
310
311
312
313
314
315
316
317
318
319
320
321
322
323
324
325
326
327
328
329
330
331
332
333
334
335
336
337
338
339
340
341
342
343
344
345
346
347
348
349
350
351
352
353
354
355
356
357
358
359
360
361
362
363
364
365
366
367
368
369
370
371
372
373
374
375
376
377
378
379
380
381
382
383
384
385
386
387
388
389
390
391
392
393
394
395
396
397
398
399
400
401
402
403
404
405
406
407
408
409
410
411
412
413
414
415
416
417
418
419
420
421
422
423
424
425
426
427
428
429
430
431
432
433
434
435
436
437
438
439
440
441
442
443
444
445
446
447
448
449
450
451
452
453
454
455
456
457
458
459
460
461
462
463
464
465
466
467
468
469
470
471
472
473
474
475
476
477
478
479
480
481
482
483
484
485
486
487
488
489
490
491
492
493
494
495
496
497
498
499
500
501
502
4557
4558
4559
4560
4561
4562
4563
4564
4565
4566
4567
4568
4569
4570
4571
4572
4573
4574
4575
4576
4577
4578
4579
4580
4581
4582
4583
4584
4585
4586
4587
4588
4589
4590
4591
4592
4593
4594
4595
4596
4597
4598
4599
4600
4601
4602
4603
4604
4605
4606
4607
4608
4609
4610
4611
4612
4613
4614
4615
4616
4617
4618
4619
4620
4621
4622
4623
4624
4625
4626
4627
4628
4629
4630
4631
4632
4633
4634
4635
4636
4637
4638
4639
4640
4641
4642
4643
4644
4645
4646
4647
4648
4649
4650
4651
4652
4653
4654
4655
4656
4657
4658
4659
4660
4661
4662
4663
4664
4665
4666
4667
4668
4669
4670
4671
4672
4673
4674
4675
4676
4677
4678
4679
4680
4681
4682
4683
4684
4685
4686
4687
4688
4689
4690
4691
4692
4693
4694
4695
4696
4697
4698
4699
4700
4701
4702
4703
4704
4705
4706
4707
4708
4709
4710
4711
4712
4713
4714
4715
4716
4717
4718
4719
4720
4721
4722
4723
4724
4725
4726
4727
4728
4729
4730
4731
4732
4733
4734
4735
4736
4737
4738
4739
4740
4741
4742
4743
4744
4745
4746
4747
4748
4749
4750
4751
4752
4753
4754
4755
4756
4757
4758
4759
4760
4761
4762
4763
4764
4765
4766
4767
4768
4769
4770
4771
4772
4773
4774
4775
4776
4777
4778
4779
4780
4781
4782
4783
4784
4785
4786
4787
4788
4789
4790
4791
4792
4793
4794
4795
4796
4797
4798
4799
4800
4801
4802
4803
4804
4805
4806
4807
4808
4809
4810
4811
4812
4813
4814
4815
4816
4817
4818
4819
4820
4821
4822
4823
4824
4825
4826
4827
4828
4829
4830
4831
4832
4833
4834
4835
4836
4837
4838
4839
4840
4841
4842
4843
4844
4845
4846
4847
4848
4849
4850
4851
4852
4853
4854
4855
4856
4857
4858
4859
4860
4861
4862
4863
4864
4865
4866
4867
4868
4869
4870
4871
4872
4873
4874
4875
4876
4877
4878
4879
4880
4881
4882
4883
4884
4885
4886
4887
4888
4889
4890
4891
4892
4893
4894
4895
4896
4897
4898
4899
4900
4901
4902
4903
4904
4905
4906
4907
4908
4909
4910
4911
4912
4913
4914
4915
4916
4917
4918
4919
4920
4921
4922
4923
4924
4925
4926
4927
4928
4929
4930
4931
4932
4933
4934
4935
4936
4937
4938
4939
4940
4941
4942
4943
4944
4945
4946
4947
4948
4949
4950
4951
4952
4953
4954
4955
4956
4957
4958
4959
4960
4961
4962
4963
4964
4965
4966
4967
4968
4969
4970
4971
4972
4973
4974
4975
4976
4977
4978
4979
4980
4981
4982
4983
4984
4985
4986
4987
4988
4989
4990
4991
4992
4993
4994
4995
4996
4997
4998
4999
5000
5001
5002
5003
5004
5005
5006
5007
5008
5009
5010
5011
5012
5013
5014
5015
5016
5017
5018
5019
5020
5021
5022
5023
5024
5025
5026
5027
5028
5029
5030
5031
5032
5033
5034
5035
5036
5037
5038
5039
5040
5041
5042
5043
5044
5045
5046
5047
5048
5049
5050
5051
5052
5053
5054
5055
5056
5057
5058
5059
24
25
53
54
82
83
111
112
140
141
169
170
198
199
527
528
556
557
585
586
614
615
643
644
672
673
701
702
1030
1031
1534
1059
1060
1564
1088
1089
1594
1117
1118
1624
1146
1147
1654
1175
1176
1684
1204
1205
1714
3094
3124
3154
3184
3244
3574
3603
3604
3632
3633
3661
3662
3690
3691
3720
3749
3750
4078
4079
4107
4108
4136
4137
4165
4166
4194
4195
4223
4224
4252
4253
4581
4582
4610
4611
4639
4640
4668
4669
4697
4698
4726
4727
4755
4756
0
503
1006
1509
2019
2529
3039
3549
4054
4557
1
504
1007
1510
2020
2530
3040
3550
4055
4558
2
505
1008
1511
2021
2531
3041
3551
4056
4559
3
506
1009
1512
2022
2532
3042
3552
4057
4560
4
507
1010
1513
2023
2533
3043
3553
4058
4561
5
508
1011
1514
2024
2534
3044
3554
4059
4562
6
509
1012
1515
2025
2535
3045
3555
4060
4563
7
510
1013
1516
2026
2536
3046
3556
4061
4564
8
511
1014
1517
2027
2537
3047
3557
4062
4565
9
512
1015
1518
2028
2538
3048
3558
4063
4566
10
513
1016
1519
2029
2539
3049
3559
4064
4567
11
514
1017
1520
2030
2540
3050
3560
4065
4568
12
515
1018
1521
2031
2541
3051
3561
4066
4569
13
516
1019
1522
2032
2542
3052
3562
4067
4570
14
517
1020
1523
2033
2543
3053
3563
4068
4571
15
518
1021
1524
2034
2544
3054
3564
4069
4572
16
519
1022
1525
2035
2545
3055
3565
4070
4573
17
520
1023
1526
2036
2546
3056
3566
4071
4574
18
521
1024
1527
2037
2547
3057
3567
4072
4575
19
522
1025
1528
2038
2548
3058
3568
4073
4576
20
523
1026
1529
2039
2549
3059
3569
4074
4577
21
524
1027
1530
2040
2550
3060
3570
4075
4578
22
525
1028
1531
2041
2551
3061
3571
4076
4579
23
526
1029
1532
2042
2552
3062
3572
4077
4580
24
527
1030
1533
2043
2553
3063
3573
4078
4581
1534
2044
2554
3064
3574
25
528
1031
1535
2045
2555
3065
3575
4079
4582
26
529
1032
1536
2046
2556
3066
3576
4080
4583
27
530
1033
1537
2047
2557
3067
3577
4081
4584
28
531
1034
1538
2048
2558
3068
3578
4082
4585
29
532
1035
1539
2049
2559
3069
3579
4083
4586
30
533
1036
1540
2050
2560
3070
3580
4084
4587
31
534
1037
1541
2051
2561
3071
3581
4085
4588
32
535
1038
1542
2052
2562
3072
3582
4086
4589
33
536
1039
1543
2053
2563
3073
3583
4087
4590
34
537
1040
1544
2054
2564
3074
3584
4088
4591
35
538
1041
1545
2055
2565
3075
3585
4089
4592
36
539
1042
1546
2056
2566
3076
3586
4090
4593
37
540
1043
1547
2057
2567
3077
3587
4091
4594
38
541
1044
1548
2058
2568
3078
3588
4092
4595
39
542
1045
1549
2059
2569
3079
3589
4093
4596
40
543
1046
1550
2060
2570
3080
3590
4094
4597
41
544
1047
1551
2061
2571
3081
3591
4095
4598
42
545
1048
1552
2062
2572
3082
3592
4096
4599
43
546
1049
1553
2063
2573
3083
3593
4097
4600
44
547
1050
1554
2064
2574
3084
3594
4098
4601
45
548
1051
1555
2065
2575
3085
3595
4099
4602
46
549
1052
1556
2066
2576
3086
3596
4100
4603
47
550
1053
1557
2067
2577
3087
3597
4101
4604
48
551
1054
1558
2068
2578
3088
3598
4102
4605
49
552
1055
1559
2069
2579
3089
3599
4103
4606
50
553
1056
1560
2070
2580
3090
3600
4104
4607
51
554
1057
1561
2071
2581
3091
3601
4105
4608
52
555
1058
1562
2072
2582
3092
3602
4106
4609
53
556
1059
1563
2073
2583
3093
3603
4107
4610
1564
2074
2584
3094
54
557
1060
1565
2075
2585
3095
3604
4108
4611
55
558
1061
1566
2076
2586
3096
3605
4109
4612
56
559
1062
1567
2077
2587
3097
3606
4110
4613
57
560
1063
1568
2078
2588
3098
3607
4111
4614
58
561
1064
1569
2079
2589
3099
3608
4112
4615
59
562
1065
1570
2080
2590
3100
3609
4113
4616
60
563
1066
1571
2081
2591
3101
3610
4114
4617
61
564
1067
1572
2082
2592
3102
3611
4115
4618
62
565
1068
1573
2083
2593
3103
3612
4116
4619
63
566
1069
1574
2084
2594
3104
3613
4117
4620
64
567
1070
1575
2085
2595
3105
3614
4118
4621
65
568
1071
1576
2086
2596
3106
3615
4119
4622
66
569
1072
1577
2087
2597
3107
3616
4120
4623
67
570
1073
1578
2088
2598
3108
3617
4121
4624
68
571
1074
1579
2089
2599
3109
3618
4122
4625
69
572
1075
1580
2090
2600
3110
3619
4123
4626
70
573
1076
1581
2091
2601
3111
3620
4124
4627
71
574
1077
1582
2092
2602
3112
3621
4125
4628
72
575
1078
1583
2093
2603
3113
3622
4126
4629
73
576
1079
1584
2094
2604
3114
3623
4127
4630
74
577
1080
1585
2095
2605
3115
3624
4128
4631
75
578
1081
1586
2096
2606
3116
3625
4129
4632
76
579
1082
1587
2097
2607
3117
3626
4130
4633
77
580
1083
1588
2098
2608
3118
3627
4131
4634
78
581
1084
1589
2099
2609
3119
3628
4132
4635
79
582
1085
1590
2100
2610
3120
3629
4133
4636
80
583
1086
1591
2101
2611
3121
3630
4134
4637
81
584
1087
1592
2102
2612
3122
3631
4135
4638
82
585
1088
1593
2103
2613
3123
3632
4136
4639
1594
2104
2614
3124
83
586
1089
1595
2105
2615
3125
3633
4137
4640
84
587
1090
1596
2106
2616
3126
3634
4138
4641
85
588
1091
1597
2107
2617
3127
3635
4139
4642
86
589
1092
1598
2108
2618
3128
3636
4140
4643
87
590
1093
1599
2109
2619
3129
3637
4141
4644
88
591
1094
1600
2110
2620
3130
3638
4142
4645
89
592
1095
1601
2111
2621
3131
3639
4143
4646
90
593
1096
1602
2112
2622
3132
3640
4144
4647
91
594
1097
1603
2113
2623
3133
3641
4145
4648
92
595
1098
1604
2114
2624
3134
3642
4146
4649
93
596
1099
1605
2115
2625
3135
3643
4147
4650
94
597
1100
1606
2116
2626
3136
3644
4148
4651
95
598
1101
1607
2117
2627
3137
3645
4149
4652
96
599
1102
1608
2118
2628
3138
3646
4150
4653
97
600
1103
1609
2119
2629
3139
3647
4151
4654
98
601
1104
1610
2120
2630
3140
3648
4152
4655
99
602
1105
1611
2121
2631
3141
3649
4153
4656
100
603
1106
1612
2122
2632
3142
3650
4154
4657
101
604
1107
1613
2123
2633
3143
3651
4155
4658
102
605
1108
1614
2124
2634
3144
3652
4156
4659
103
606
1109
1615
2125
2635
3145
3653
4157
4660
104
607
1110
1616
2126
2636
3146
3654
4158
4661
105
608
1111
1617
2127
2637
3147
3655
4159
4662
106
609
1112
1618
2128
2638
3148
3656
4160
4663
107
610
1113
1619
2129
2639
3149
3657
4161
4664
108
611
1114
1620
2130
2640
3150
3658
4162
4665
109
612
1115
1621
2131
2641
3151
3659
4163
4666
110
613
1116
1622
2132
2642
3152
3660
4164
4667
111
614
1117
1623
2133
2643
3153
3661
4165
4668
1624
2134
2644
3154
112
615
1118
1625
2135
2645
3155
3662
4166
4669
113
616
1119
1626
2136
2646
3156
3663
4167
4670
114
617
1120
1627
2137
2647
3157
3664
4168
4671
115
618
1121
1628
2138
2648
3158
3665
4169
4672
116
619
1122
1629
2139
2649
3159
3666
4170
4673
117
620
1123
1630
2140
2650
3160
3667
4171
4674
118
621
1124
1631
2141
2651
3161
3668
4172
4675
119
622
1125
1632
2142
2652
3162
3669
4173
4676
120
623
1126
1633
2143
2653
3163
3670
4174
4677
121
624
1127
1634
2144
2654
3164
3671
4175
4678
122
625
1128
1635
2145
2655
3165
3672
4176
4679
123
626
1129
1636
2146
2656
3166
3673
4177
4680
124
627
1130
1637
2147
2657
3167
3674
4178
4681
125
628
1131
1638
2148
2658
3168
3675
4179
4682
126
629
1132
1639
2149
2659
3169
3676
4180
4683
127
630
1133
1640
2150
2660
3170
3677
4181
4684
128
631
1134
1641
2151
2661
3171
3678
4182
4685
129
632
1135
1642
2152
2662
3172
3679
4183
4686
130
633
1136
1643
2153
2663
3173
3680
4184
4687
131
634
1137
1644
2154
2664
3174
3681
4185
4688
132
635
1138
1645
2155
2665
3175
3682
4186
4689
133
636
1139
1646
2156
2666
3176
3683
4187
4690
134
637
1140
1647
2157
2667
3177
3684
4188
4691
135
638
1141
1648
2158
2668
3178
3685
4189
4692
136
639
1142
1649
2159
2669
3179
3686
4190
4693
137
640
1143
1650
2160
2670
3180
3687
4191
4694
138
641
1144
1651
2161
2671
3181
3688
4192
4695
139
642
1145
1652
2162
2672
3182
3689
4193
4696
140
643
1146
1653
2163
2673
3183
3690
4194
4697
1654
2164
2674
3184
141
644
1147
1655
2165
2675
3185
3691
4195
4698
142
645
1148
1656
2166
2676
3186
3692
4196
4699
143
646
1149
1657
2167
2677
3187
3693
4197
4700
144
647
1150
1658
2168
2678
3188
3694
4198
4701
145
648
1151
1659
2169
2679
3189
3695
4199
4702
146
649
1152
1660
2170
2680
3190
3696
4200
4703
147
650
1153
1661
2171
2681
3191
3697
4201
4704
148
651
1154
1662
2172
2682
3192
3698
4202
4705
149
652
1155
1663
2173
2683
3193
3699
4203
4706
150
653
1156
1664
2174
2684
3194
3700
4204
4707
151
654
1157
1665
2175
2685
3195
3701
4205
4708
152
655
1158
1666
2176
2686
3196
3702
4206
4709
153
656
1159
1667
2177
2687
3197
3703
4207
4710
154
657
1160
1668
2178
2688
3198
3704
4208
4711
155
658
1161
1669
2179
2689
3199
3705
4209
4712
156
659
1162
1670
2180
2690
3200
3706
4210
4713
157
660
1163
1671
2181
2691
3201
3707
4211
4714
158
661
1164
1672
2182
2692
3202
3708
4212
4715
159
662
1165
1673
2183
2693
3203
3709
4213
4716
160
663
1166
1674
2184
2694
3204
3710
4214
4717
161
664
1167
1675
2185
2695
3205
3711
4215
4718
162
665
1168
1676
2186
2696
3206
3712
4216
4719
163
666
1169
1677
2187
2697
3207
3713
4217
4720
164
667
1170
1678
2188
2698
3208
3714
4218
4721
165
668
1171
1679
2189
2699
3209
3715
4219
4722
166
669
1172
1680
2190
2700
3210
3716
4220
4723
167
670
1173
1681
2191
2701
3211
3717
4221
4724
168
671
1174
1682
2192
2702
3212
3718
4222
4725
169
672
1175
1683
2193
2703
3213
3719
4223
4726
1684
2194
2704
3214
3720
170
673
1176
1685
2195
2705
3215
3721
4224
4727
171
674
1177
1686
2196
2706
3216
3722
4225
4728
172
675
1178
1687
2197
2707
3217
3723
4226
4729
173
676
1179
1688
2198
2708
3218
3724
4227
4730
174
677
1180
1689
2199
2709
3219
3725
4228
4731
175
678
1181
1690
2200
2710
3220
3726
4229
4732
176
679
1182
1691
2201
2711
3221
3727
4230
4733
177
680
1183
1692
2202
2712
3222
3728
4231
4734
178
681
1184
1693
2203
2713
3223
3729
4232
4735
179
682
1185
1694
2204
2714
3224
3730
4233
4736
180
683
1186
1695
2205
2715
3225
3731
4234
4737
181
684
1187
1696
2206
2716
3226
3732
4235
4738
182
685
1188
1697
2207
2717
3227
3733
4236
4739
183
686
1189
1698
2208
2718
3228
3734
4237
4740
184
687
1190
1699
2209
2719
3229
3735
4238
4741
185
688
1191
1700
2210
2720
3230
3736
4239
4742
186
689
1192
1701
2211
2721
3231
3737
4240
4743
187
690
1193
1702
2212
2722
3232
3738
4241
4744
188
691
1194
1703
2213
2723
3233
3739
4242
4745
189
692
1195
1704
2214
2724
3234
3740
4243
4746
190
693
1196
1705
2215
2725
3235
3741
4244
4747
191
694
1197
1706
2216
2726
3236
3742
4245
4748
192
695
1198
1707
2217
2727
3237
3743
4246
4749
193
696
1199
1708
2218
2728
3238
3744
4247
4750
194
697
1200
1709
2219
2729
3239
3745
4248
4751
195
698
1201
1710
2220
2730
3240
3746
4249
4752
196
699
1202
1711
2221
2731
3241
3747
4250
4753
197
700
1203
1712
2222
2732
3242
3748
4251
4754
198
701
1204
1713
2223
2733
3243
3749
4252
4755
1714
2224
2734
3244
199
702
1205
1715
2225
2735
3245
3750
4253
4756
200
703
1206
1716
2226
2736
3246
3751
4254
4757
201
704
1207
1717
2227
2737
3247
3752
4255
4758
202
705
1208
1718
2228
2738
3248
3753
4256
4759
203
706
1209
1719
2229
2739
3249
3754
4257
4760
204
707
1210
1720
2230
2740
3250
3755
4258
4761
205
708
1211
1721
2231
2741
3251
3756
4259
4762
206
709
1212
1722
2232
2742
3252
3757
4260
4763
207
710
1213
1723
2233
2743
3253
3758
4261
4764
208
711
1214
1724
2234
2744
3254
3759
4262
4765
209
712
1215
1725
2235
2745
3255
3760
4263
4766
210
713
1216
1726
2236
2746
3256
3761
4264
4767
211
714
1217
1727
2237
2747
3257
3762
4265
4768
212
715
1218
1728
2238
2748
3258
3763
4266
4769
213
716
1219
1729
2239
2749
3259
3764
4267
4770
214
717
1220
1730
2240
2750
3260
3765
4268
4771
215
718
1221
1731
2241
2751
3261
3766
4269
4772
216
719
1222
1732
2242
2752
3262
3767
4270
4773
217
720
1223
1733
2243
2753
3263
3768
4271
4774
218
721
1224
1734
2244
2754
3264
3769
4272
4775
219
722
1225
1735
2245
2755
3265
3770
4273
4776
220
723
1226
1736
2246
2756
3266
3771
4274
4777
221
724
1227
1737
2247
2757
3267
3772
4275
4778
222
725
1228
1738
2248
2758
3268
3773
4276
4779
223
726
1229
1739
2249
2759
3269
3774
4277
4780
224
727
1230
1740
2250
2760
3270
3775
4278
4781
225
728
1231
1741
2251
2761
3271
3776
4279
4782
226
729
1232
1742
2252
2762
3272
3777
4280
4783
227
730
1233
1743
2253
2763
3273
3778
4281
4784
228
731
1234
1744
2254
2764
3274
3779
4282
4785
229
732
1235
1745
2255
2765
3275
3780
4283
4786
230
733
1236
1746
2256
2766
3276
3781
4284
4787
231
734
1237
1747
2257
2767
3277
3782
4285
4788
232
735
1238
1748
2258
2768
3278
3783
4286
4789
233
736
1239
1749
2259
2769
3279
3784
4287
4790
234
737
1240
1750
2260
2770
3280
3785
4288
4791
235
738
1241
1751
2261
2771
3281
3786
4289
4792
236
739
1242
1752
2262
2772
3282
3787
4290
4793
237
740
1243
1753
2263
2773
3283
3788
4291
4794
238
741
1244
1754
2264
2774
3284
3789
4292
4795
239
742
1245
1755
2265
2775
3285
3790
4293
4796
240
743
1246
1756
2266
2776
3286
3791
4294
4797
241
744
1247
1757
2267
2777
3287
3792
4295
4798
242
745
1248
1758
2268
2778
3288
3793
4296
4799
243
746
1249
1759
2269
2779
3289
3794
4297
4800
244
747
1250
1760
2270
2780
3290
3795
4298
4801
245
748
1251
1761
2271
2781
3291
3796
4299
4802
246
749
1252
1762
2272
2782
3292
3797
4300
4803
247
750
1253
1763
2273
2783
3293
3798
4301
4804
248
751
1254
1764
2274
2784
3294
3799
4302
4805
249
752
1255
1765
2275
2785
3295
3800
4303
4806
250
753
1256
1766
2276
2786
3296
3801
4304
4807
251
754
1257
1767
2277
2787
3297
3802
4305
4808
252
755
1258
1768
2278
2788
3298
3803
4306
4809
253
756
1259
1769
2279
2789
3299
3804
4307
4810
254
757
1260
1770
2280
2790
3300
3805
4308
4811
255
758
1261
1771
2281
2791
3301
3806
4309
4812
256
759
1262
1772
2282
2792
3302
3807
4310
4813
257
760
1263
1773
2283
2793
3303
3808
4311
4814
258
761
1264
1774
2284
2794
3304
3809
4312
4815
259
762
1265
1775
2285
2795
3305
3810
4313
4816
260
763
1266
1776
2286
2796
3306
3811
4314
4817
261
764
1267
1777
2287
2797
3307
3812
4315
4818
262
765
1268
1778
2288
2798
3308
3813
4316
4819
263
766
1269
1779
2289
2799
3309
3814
4317
4820
264
767
1270
1780
2290
2800
3310
3815
4318
4821
265
768
1271
1781
2291
2801
3311
3816
4319
4822
266
769
1272
1782
2292
2802
3312
3817
4320
4823
267
770
1273
1783
2293
2803
3313
3818
4321
4824
268
771
1274
1784
2294
2804
3314
3819
4322
4825
269
772
1275
1785
2295
2805
3315
3820
4323
4826
270
773
1276
1786
2296
2806
3316
3821
4324
4827
271
774
1277
1787
2297
2807
3317
3822
4325
4828
272
775
1278
1788
2298
2808
3318
3823
4326
4829
273
776
1279
1789
2299
2809
3319
3824
4327
4830
274
777
1280
1790
2300
2810
3320
3825
4328
4831
275
778
1281
1791
2301
2811
3321
3826
4329
4832
276
779
1282
1792
2302
2812
3322
3827
4330
4833
277
780
1283
1793
2303
2813
3323
3828
4331
4834
278
781
1284
1794
2304
2814
3324
3829
4332
4835
279
782
1285
1795
2305
2815
3325
3830
4333
4836
280
783
1286
1796
2306
2816
3326
3831
4334
4837
281
784
1287
1797
2307
2817
3327
3832
4335
4838
282
785
1288
1798
2308
2818
3328
3833
4336
4839
283
786
1289
1799
2309
2819
3329
3834
4337
4840
284
787
1290
1800
2310
2820
3330
3835
4338
4841
285
788
1291
1801
2311
2821
3331
3836
4339
4842
286
789
1292
1802
2312
2822
3332
3837
4340
4843
287
790
1293
1803
2313
2823
3333
3838
4341
4844
288
791
1294
1804
2314
2824
3334
3839
4342
4845
289
792
1295
1805
2315
2825
3335
3840
4343
4846
290
793
1296
1806
2316
2826
3336
3841
4344
4847
291
794
1297
1807
2317
2827
3337
3842
4345
4848
292
795
1298
1808
2318
2828
3338
3843
4346
4849
293
796
1299
1809
2319
2829
3339
3844
4347
4850
294
797
1300
1810
2320
2830
3340
3845
4348
4851
295
798
1301
1811
2321
2831
3341
3846
4349
4852
296
799
1302
1812
2322
2832
3342
3847
4350
4853
297
800
1303
1813
2323
2833
3343
3848
4351
4854
298
801
1304
1814
2324
2834
3344
3849
4352
4855
299
802
1305
1815
2325
2835
3345
3850
4353
4856
300
803
1306
1816
2326
2836
3346
3851
4354
4857
301
804
1307
1817
2327
2837
3347
3852
4355
4858
302
805
1308
1818
2328
2838
3348
3853
4356
4859
303
806
1309
1819
2329
2839
3349
3854
4357
4860
304
807
1310
1820
2330
2840
3350
3855
4358
4861
305
808
1311
1821
2331
2841
3351
3856
4359
4862
306
809
1312
1822
2332
2842
3352
3857
4360
4863
307
810
1313
1823
2333
2843
3353
3858
4361
4864
308
811
1314
1824
2334
2844
3354
3859
4362
4865
309
812
1315
1825
2335
2845
3355
3860
4363
4866
310
813
1316
1826
2336
2846
3356
3861
4364
4867
311
814
1317
1827
2337
2847
3357
3862
4365
4868
312
815
1318
1828
2338
2848
3358
3863
4366
4869
313
816
1319
1829
2339
2849
3359
3864
4367
4870
314
817
1320
1830
2340
2850
3360
3865
4368
4871
315
818
1321
1831
2341
2851
3361
3866
4369
4872
316
819
1322
1832
2342
2852
3362
3867
4370
4873
317
820
1323
1833
2343
2853
3363
3868
4371
4874
318
821
1324
1834
2344
2854
3364
3869
4372
4875
319
822
1325
1835
2345
2855
3365
3870
4373
4876
320
823
1326
1836
2346
2856
3366
3871
4374
4877
321
824
1327
1837
2347
2857
3367
3872
4375
4878
322
825
1328
1838
2348
2858
3368
3873
4376
4879
323
826
1329
1839
2349
2859
3369
3874
4377
4880
324
827
1330
1840
2350
2860
3370
3875
4378
4881
325
828
1331
1841
2351
2861
3371
3876
4379
4882
326
829
1332
1842
2352
2862
3372
3877
4380
4883
327
830
1333
1843
2353
2863
3373
3878
4381
4884
328
831
1334
1844
2354
2864
3374
3879
4382
4885
329
832
1335
1845
2355
2865
3375
3880
4383
4886
330
833
1336
1846
2356
2866
3376
3881
4384
4887
331
834
1337
1847
2357
2867
3377
3882
4385
4888
332
835
1338
1848
2358
2868
3378
3883
4386
4889
333
836
1339
1849
2359
2869
3379
3884
4387
4890
334
837
1340
1850
2360
2870
3380
3885
4388
4891
335
838
1341
1851
2361
2871
3381
3886
4389
4892
336
839
1342
1852
2362
2872
3382
3887
4390
4893
337
840
1343
1853
2363
2873
3383
3888
4391
4894
338
841
1344
1854
2364
2874
3384
3889
4392
4895
339
842
1345
1855
2365
2875
3385
3890
4393
4896
340
843
1346
1856
2366
2876
3386
3891
4394
4897
341
844
1347
1857
2367
2877
3387
3892
4395
4898
342
845
1348
1858
2368
2878
3388
3893
4396
4899
343
846
1349
1859
2369
2879
3389
3894
4397
4900
344
847
1350
1860
2370
2880
3390
3895
4398
4901
345
848
1351
1861
2371
2881
3391
3896
4399
4902
346
849
1352
1862
2372
2882
3392
3897
4400
4903
347
850
1353
1863
2373
2883
3393
3898
4401
4904
348
851
1354
1864
2374
2884
3394
3899
4402
4905
349
852
1355
1865
2375
2885
3395
3900
4403
4906
350
853
1356
1866
2376
2886
3396
3901
4404
4907
351
854
1357
1867
2377
2887
3397
3902
4405
4908
352
855
1358
1868
2378
2888
3398
3903
4406
4909
353
856
1359
1869
2379
2889
3399
3904
4407
4910
354
857
1360
1870
2380
2890
3400
3905
4408
4911
355
858
1361
1871
2381
2891
3401
3906
4409
4912
356
859
1362
1872
2382
2892
3402
3907
4410
4913
357
860
1363
1873
2383
2893
3403
3908
4411
4914
358
861
1364
1874
2384
2894
3404
3909
4412
4915
359
862
1365
1875
2385
2895
3405
3910
4413
4916
360
863
1366
1876
2386
2896
3406
3911
4414
4917
361
864
1367
1877
2387
2897
3407
3912
4415
4918
362
865
1368
1878
2388
2898
3408
3913
4416
4919
363
866
1369
1879
2389
2899
3409
3914
4417
4920
364
867
1370
1880
2390
2900
3410
3915
4418
4921
365
868
1371
1881
2391
2901
3411
3916
4419
4922
366
869
1372
1882
2392
2902
3412
3917
4420
4923
367
870
1373
1883
2393
2903
3413
3918
4421
4924
368
871
1374
1884
2394
2904
3414
3919
4422
4925
369
872
1375
1885
2395
2905
3415
3920
4423
4926
370
873
1376
1886
2396
2906
3416
3921
4424
4927
371
874
1377
1887
2397
2907
3417
3922
4425
4928
372
875
1378
1888
2398
2908
3418
3923
4426
4929
373
876
1379
1889
2399
2909
3419
3924
4427
4930
374
877
1380
1890
2400
2910
3420
3925
4428
4931
375
878
1381
1891
2401
2911
3421
3926
4429
4932
376
879
1382
1892
2402
2912
3422
3927
4430
4933
377
880
1383
1893
2403
2913
3423
3928
4431
4934
378
881
1384
1894
2404
2914
3424
3929
4432
4935
379
882
1385
1895
2405
2915
3425
3930
4433
4936
380
883
1386
1896
2406
2916
3426
3931
4434
4937
381
884
1387
1897
2407
2917
3427
3932
4435
4938
382
885
1388
1898
2408
2918
3428
3933
4436
4939
383
886
1389
1899
2409
2919
3429
3934
4437
4940
384
887
1390
1900
2410
2920
3430
3935
4438
4941
385
888
1391
1901
2411
2921
3431
3936
4439
4942
386
889
1392
1902
2412
2922
3432
3937
4440
4943
387
890
1393
1903
2413
2923
3433
3938
4441
4944
388
891
1394
1904
2414
2924
3434
3939
4442
4945
389
892
1395
1905
2415
2925
3435
3940
4443
4946
390
893
1396
1906
2416
2926
3436
3941
4444
4947
391
894
1397
1907
2417
2927
3437
3942
4445
4948
392
895
1398
1908
2418
2928
3438
3943
4446
4949
393
896
1399
1909
2419
2929
3439
3944
4447
4950
394
897
1400
1910
2420
2930
3440
3945
4448
4951
395
898
1401
1911
2421
2931
3441
3946
4449
4952
396
899
1402
1912
2422
2932
3442
3947
4450
4953
397
900
1403
1913
2423
2933
3443
3948
4451
4954
398
901
1404
1914
2424
2934
3444
3949
4452
4955
399
902
1405
1915
2425
2935
3445
3950
4453
4956
400
903
1406
1916
2426
2936
3446
3951
4454
4957
401
904
1407
1917
2427
2937
3447
3952
4455
4958
402
905
1408
1918
2428
2938
3448
3953
4456
4959
403
906
1409
1919
2429
2939
3449
3954
4457
4960
404
907
1410
1920
2430
2940
3450
3955
4458
4961
405
908
1411
1921
2431
2941
3451
3956
4459
4962
406
909
1412
1922
2432
2942
3452
3957
4460
4963
407
910
1413
1923
2433
2943
3453
3958
4461
4964
408
911
1414
1924
2434
2944
3454
3959
4462
4965
409
912
1415
1925
2435
2945
3455
3960
4463
4966
410
913
1416
1926
2436
2946
3456
3961
4464
4967
411
914
1417
1927
2437
2947
3457
3962
4465
4968
412
915
1418
1928
2438
2948
3458
3963
4466
4969
413
916
1419
1929
2439
2949
3459
3964
4467
4970
414
917
1420
1930
2440
2950
3460
3965
4468
4971
415
918
1421
1931
2441
2951
3461
3966
4469
4972
416
919
1422
1932
2442
2952
3462
3967
4470
4973
417
920
1423
1933
2443
2953
3463
3968
4471
4974
418
921
1424
1934
2444
2954
3464
3969
4472
4975
419
922
1425
1935
2445
2955
3465
3970
4473
4976
420
923
1426
1936
2446
2956
3466
3971
4474
4977
421
924
1427
1937
2447
2957
3467
3972
4475
4978
422
925
1428
1938
2448
2958
3468
3973
4476
4979
423
926
1429
1939
2449
2959
3469
3974
4477
4980
424
927
1430
1940
2450
2960
3470
3975
4478
4981
425
928
1431
1941
2451
2961
3471
3976
4479
4982
426
929
1432
1942
2452
2962
3472
3977
4480
4983
427
930
1433
1943
2453
2963
3473
3978
4481
4984
428
931
1434
1944
2454
2964
3474
3979
4482
4985
429
932
1435
1945
2455
2965
3475
3980
4483
4986
430
933
1436
1946
2456
2966
3476
3981
4484
4987
431
934
1437
1947
2457
2967
3477
3982
4485
4988
432
935
1438
1948
2458
2968
3478
3983
4486
4989
433
936
1439
1949
2459
2969
3479
3984
4487
4990
434
937
1440
1950
2460
2970
3480
3985
4488
4991
435
938
1441
1951
2461
2971
3481
3986
4489
4992
436
939
1442
1952
2462
2972
3482
3987
4490
4993
437
940
1443
1953
2463
2973
3483
3988
4491
4994
438
941
1444
1954
2464
2974
3484
3989
4492
4995
439
942
1445
1955
2465
2975
3485
3990
4493
4996
440
943
1446
1956
2466
2976
3486
3991
4494
4997
441
944
1447
1957
2467
2977
3487
3992
4495
4998
442
945
1448
1958
2468
2978
3488
3993
4496
4999
443
946
1449
1959
2469
2979
3489
3994
4497
5000
444
947
1450
1960
2470
2980
3490
3995
4498
5001
445
948
1451
1961
2471
2981
3491
3996
4499
5002
446
949
1452
1962
2472
2982
3492
3997
4500
5003
447
950
1453
1963
2473
2983
3493
3998
4501
5004
448
951
1454
1964
2474
2984
3494
3999
4502
5005
449
952
1455
1965
2475
2985
3495
4000
4503
5006
450
953
1456
1966
2476
2986
3496
4001
4504
5007
451
954
1457
1967
2477
2987
3497
4002
4505
5008
452
955
1458
1968
2478
2988
3498
4003
4506
5009
453
956
1459
1969
2479
2989
3499
4004
4507
5010
454
957
1460
1970
2480
2990
3500
4005
4508
5011
455
958
1461
1971
2481
2991
3501
4006
4509
5012
456
959
1462
1972
2482
2992
3502
4007
4510
5013
457
960
1463
1973
2483
2993
3503
4008
4511
5014
458
961
1464
1974
2484
2994
3504
4009
4512
5015
459
962
1465
1975
2485
2995
3505
4010
4513
5016
460
963
1466
1976
2486
2996
3506
4011
4514
5017
461
964
1467
1977
2487
2997
3507
4012
4515
5018
462
965
1468
1978
2488
2998
3508
4013
4516
5019
463
966
1469
1979
2489
2999
3509
4014
4517
5020
464
967
1470
1980
2490
3000
3510
4015
4518
5021
465
968
1471
1981
2491
3001
3511
4016
4519
5022
466
969
1472
1982
2492
3002
3512
4017
4520
5023
467
970
1473
1983
2493
3003
3513
4018
4521
5024
468
971
1474
1984
2494
3004
3514
4019
4522
5025
469
972
1475
1985
2495
3005
3515
4020
4523
5026
470
973
1476
1986
2496
3006
3516
4021
4524
5027
471
974
1477
1987
2497
3007
3517
4022
4525
5028
472
975
1478
1988
2498
3008
3518
4023
4526
5029
473
976
1479
1989
2499
3009
3519
4024
4527
5030
474
977
1480
1990
2500
3010
3520
4025
4528
5031
475
978
1481
1991
2501
3011
3521
4026
4529
5032
476
979
1482
1992
2502
3012
3522
4027
4530
5033
477
980
1483
1993
2503
3013
3523
4028
4531
5034
478
981
1484
1994
2504
3014
3524
4029
4532
5035
479
982
1485
1995
2505
3015
3525
4030
4533
5036
480
983
1486
1996
2506
3016
3526
4031
4534
5037
481
984
1487
1997
2507
3017
3527
4032
4535
5038
482
985
1488
1998
2508
3018
3528
4033
4536
5039
483
986
1489
1999
2509
3019
3529
4034
4537
5040
484
987
1490
2000
2510
3020
3530
4035
4538
5041
485
988
1491
2001
2511
3021
3531
4036
4539
5042
486
989
1492
2002
2512
3022
3532
4037
4540
5043
487
990
1493
2003
2513
3023
3533
4038
4541
5044
488
991
1494
2004
2514
3024
3534
4039
4542
5045
489
992
1495
2005
2515
3025
3535
4040
4543
5046
490
993
1496
2006
2516
3026
3536
4041
4544
5047
491
994
1497
2007
2517
3027
3537
4042
4545
5048
492
995
1498
2008
2518
3028
3538
4043
4546
5049
493
996
1499
2009
2519
3029
3539
4044
4547
5050
494
997
1500
2010
2520
3030
3540
4045
4548
5051
495
998
1501
2011
2521
3031
3541
4046
4549
5052
496
999
1502
2012
2522
3032
3542
4047
4550
5053
497
1000
1503
2013
2523
3033
3543
4048
4551
5054
498
1001
1504
2014
2524
3034
3544
4049
4552
5055
499
1002
1505
2015
2525
3035
3545
4050
4553
5056
500
1003
1506
2016
2526
3036
3546
4051
4554
5057
501
1004
1507
2017
2527
3037
3547
4052
4555
5058
502
1005
1508
2018
2528
3038
3548
4053
4556
5059
0
503
1006
1509
2019
2529
3039
3549
4054
4557
1
504
1007
1510
2020
2530
3040
3550
4055
4558
2
505
1008
1511
2021
2531
3041
3551
4056
4559
3
506
1009
1512
2022
2532
3042
3552
4057
4560
4
507
1010
1513
2023
2533
3043
3553
4058
4561
5
508
1011
1514
2024
2534
3044
3554
4059
4562
6
509
1012
1515
2025
2535
3045
3555
4060
4563
7
510
1013
1516
2026
2536
3046
3556
4061
4564
8
511
1014
1517
2027
2537
3047
3557
4062
4565
9
512
1015
1518
2028
2538
3048
3558
4063
4566
10
513
1016
1519
2029
2539
3049
3559
4064
4567
11
514
1017
1520
2030
2540
3050
3560
4065
4568
12
515
1018
1521
2031
2541
3051
3561
4066
4569
13
516
1019
1522
2032
2542
3052
3562
4067
4570
14
517
1020
1523
2033
2543
3053
3563
4068
4571
15
518
1021
1524
2034
2544
3054
3564
4069
4572
16
519
1022
1525
2035
2545
3055
3565
4070
4573
17
520
1023
1526
2036
2546
3056
3566
4071
4574
18
521
1024
1527
2037
2547
3057
3567
4072
4575
19
522
1025
1528
2038
2548
3058
3568
4073
4576
20
523
1026
1529
2039
2549
3059
3569
4074
4577
21
524
1027
1530
2040
2550
3060
3570
4075
4578
22
525
1028
1531
2041
2551
3061
3571
4076
4579
23
526
1029
1532
2042
2552
3062
3572
4077
4580
24
527
1030
1533
2043
2553
3063
3573
4078
4581
1534
2044
2554
3064
3574
25
528
1031
1535
2045
2555
3065
3575
4079
4582
26
529
1032
1536
2046
2556
3066
3576
4080
4583
27
530
1033
1537
2047
2557
3067
3577
4081
4584
28
531
1034
1538
2048
2558
3068
3578
4082
4585
29
532
1035
1539
2049
2559
3069
3579
4083
4586
30
533
1036
1540
2050
2560
3070
3580
4084
4587
31
534
1037
1541
2051
2561
3071
3581
4085
4588
32
535
1038
1542
2052
2562
3072
3582
4086
4589
33
536
1039
1543
2053
2563
3073
3583
4087
4590
34
537
1040
1544
2054
2564
3074
3584
4088
4591
35
538
1041
1545
2055
2565
3075
3585
4089
4592
36
539
1042
1546
2056
2566
3076
3586
4090
4593
37
540
1043
1547
2057
2567
3077
3587
4091
4594
38
541
1044
1548
2058
2568
3078
3588
4092
4595
39
542
1045
1549
2059
2569
3079
3589
4093
4596
40
543
1046
1550
2060
2570
3080
3590
4094
4597
41
544
1047
1551
2061
2571
3081
3591
4095
4598
42
545
1048
1552
2062
2572
3082
3592
4096
4599
43
546
1049
1553
2063
2573
3083
3593
4097
4600
44
547
1050
1554
2064
2574
3084
3594
4098
4601
45
548
1051
1555
2065
2575
3085
3595
4099
4602
46
549
1052
1556
2066
2576
3086
3596
4100
4603
47
550
1053
1557
2067
2577
3087
3597
4101
4604
48
551
1054
1558
2068
2578
3088
3598
4102
4605
49
552
1055
1559
2069
2579
3089
3599
4103
4606
50
553
1056
1560
2070
2580
3090
3600
4104
4607
51
554
1057
1561
2071
2581
3091
3601
4105
4608
52
555
1058
1562
2072
2582
3092
3602
4106
4609
53
556
1059
1563
2073
2583
3093
3603
4107
4610
1564
2074
2584
3094
54
557
1060
1565
2075
2585
3095
3604
4108
4611
55
558
1061
1566
2076
2586
3096
3605
4109
4612
56
559
1062
1567
2077
2587
3097
3606
4110
4613
57
560
1063
1568
2078
2588
3098
3607
4111
4614
58
561
1064
1569
2079
2589
3099
3608
4112
4615
59
562
1065
1570
2080
2590
3100
3609
4113
4616
60
563
1066
1571
2081
2591
3101
3610
4114
4617
61
564
1067
1572
2082
2592
3102
3611
4115
4618
62
565
1068
1573
2083
2593
3103
3612
4116
4619
63
566
1069
1574
2084
2594
3104
3613
4117
4620
64
567
1070
1575
2085
2595
3105
3614
4118
4621
65
568
1071
1576
2086
2596
3106
3615
4119
4622
66
569
1072
1577
2087
2597
3107
3616
4120
4623
67
570
1073
1578
2088
2598
3108
3617
4121
4624
68
571
1074
1579
2089
2599
3109
3618
4122
4625
69
572
1075
1580
2090
2600
3110
3619
4123
4626
70
573
1076
1581
2091
2601
3111
3620
4124
4627
71
574
1077
1582
2092
2602
3112
3621
4125
4628
72
575
1078
1583
2093
2603
3113
3622
4126
4629
73
576
1079
1584
2094
2604
3114
3623
4127
4630
74
577
1080
1585
2095
2605
3115
3624
4128
4631
75
578
1081
1586
2096
2606
3116
3625
4129
4632
76
579
1082
1587
2097
2607
3117
3626
4130
4633
77
580
1083
1588
2098
2608
3118
3627
4131
4634
78
581
1084
1589
2099
2609
3119
3628
4132
4635
79
582
1085
1590
2100
2610
3120
3629
4133
4636
80
583
1086
1591
2101
2611
3121
3630
4134
4637
81
584
1087
1592
2102
2612
3122
3631
4135
4638
82
585
1088
1593
2103
2613
3123
3632
4136
4639
1594
2104
2614
3124
83
586
1089
1595
2105
2615
3125
3633
4137
4640
84
587
1090
1596
2106
2616
3126
3634
4138
4641
85
588
1091
1597
2107
2617
3127
3635
4139
4642
86
589
1092
1598
2108
2618
3128
3636
4140
4643
87
590
1093
1599
2109
2619
3129
3637
4141
4644
88
591
1094
1600
2110
2620
3130
3638
4142
4645
89
592
1095
1601
2111
2621
3131
3639
4143
4646
90
593
1096
1602
2112
2622
3132
3640
4144
4647
91
594
1097
1603
2113
2623
3133
3641
4145
4648
92
595
1098
1604
2114
2624
3134
3642
4146
4649
93
596
1099
1605
2115
2625
3135
3643
4147
4650
94
597
1100
1606
2116
2626
3136
3644
4148
4651
95
598
1101
1607
2117
2627
3137
3645
4149
4652
96
599
1102
1608
2118
2628
3138
3646
4150
4653
97
600
1103
1609
2119
2629
3139
3647
4151
4654
98
601
1104
1610
2120
2630
3140
3648
4152
4655
99
602
1105
1611
2121
2631
3141
3649
4153
4656
100
603
1106
1612
2122
2632
3142
3650
4154
4657
101
604
1107
1613
2123
2633
3143
3651
4155
4658
102
605
1108
1614
2124
2634
3144
3652
4156
4659
103
606
1109
1615
2125
2635
3145
3653
4157
4660
104
607
1110
1616
2126
2636
3146
3654
4158
4661
105
608
1111
1617
2127
2637
3147
3655
4159
4662
106
609
1112
1618
2128
2638
3148
3656
4160
4663
107
610
1113
1619
2129
2639
3149
3657
4161
4664
108
611
1114
1620
2130
2640
3150
3658
4162
4665
109
612
1115
1621
2131
2641
3151
3659
4163
4666
110
613
1116
1622
2132
2642
3152
3660
4164
4667
111
614
1117
1623
2133
2643
3153
3661
4165
4668
1624
2134
2644
3154
112
615
1118
1625
2135
2645
3155
3662
4166
4669
113
616
1119
1626
2136
2646
3156
3663
4167
4670
114
617
1120
1627
2137
2647
3157
3664
4168
4671
115
618
1121
1628
2138
2648
3158
3665
4169
4672
116
619
1122
1629
2139
2649
3159
3666
4170
4673
117
620
1123
1630
2140
2650
3160
3667
4171
4674
118
621
1124
1631
2141
2651
3161
3668
4172
4675
119
622
1125
1632
2142
2652
3162
3669
4173
4676
120
623
1126
1633
2143
2653
3163
3670
4174
4677
121
624
1127
1634
2144
2654
3164
3671
4175
4678
122
625
1128
1635
2145
2655
3165
3672
4176
4679
123
626
1129
1636
2146
2656
3166
3673
4177
4680
124
627
1130
1637
2147
2657
3167
3674
4178
4681
125
628
1131
1638
2148
2658
3168
3675
4179
4682
126
629
1132
1639
2149
2659
3169
3676
4180
4683
127
630
1133
1640
2150
2660
3170
3677
4181
4684
128
631
1134
1641
2151
2661
3171
3678
4182
4685
129
632
1135
1642
2152
2662
3172
3679
4183
4686
130
633
1136
1643
2153
2663
3173
3680
4184
4687
131
634
1137
1644
2154
2664
3174
3681
4185
4688
132
635
1138
1645
2155
2665
3175
3682
4186
4689
133
636
1139
1646
2156
2666
3176
3683
4187
4690
134
637
1140
1647
2157
2667
3177
3684
4188
4691
135
638
1141
1648
2158
2668
3178
3685
4189
4692
136
639
1142
1649
2159
2669
3179
3686
4190
4693
137
640
1143
1650
2160
2670
3180
3687
4191
4694
138
641
1144
1651
2161
2671
3181
3688
4192
4695
139
642
1145
1652
2162
2672
3182
3689
4193
4696
140
643
1146
1653
2163
2673
3183
3690
4194
4697
1654
2164
2674
3184
141
644
1147
1655
2165
2675
3185
3691
4195
4698
142
645
1148
1656
2166
2676
3186
3692
4196
4699
143
646
1149
1657
2167
2677
3187
3693
4197
4700
144
647
1150
1658
2168
2678
3188
3694
4198
4701
145
648
1151
1659
2169
2679
3189
3695
4199
4702
146
649
1152
1660
2170
2680
3190
3696
4200
4703
147
650
1153
1661
2171
2681
3191
3697
4201
4704
148
651
1154
1662
2172
2682
3192
3698
4202
4705
149
652
1155
1663
2173
2683
3193
3699
4203
4706
150
653
1156
1664
2174
2684
3194
3700
4204
4707
151
654
1157
1665
2175
2685
3195
3701
4205
4708
152
655
1158
1666
2176
2686
3196
3702
4206
4709
153
656
1159
1667
2177
2687
3197
3703
4207
4710
154
657
1160
1668
2178
2688
3198
3704
4208
4711
155
658
1161
1669
2179
2689
3199
3705
4209
4712
156
659
1162
1670
2180
2690
3200
3706
4210
4713
157
660
1163
1671
2181
2691
3201
3707
4211
4714
158
661
1164
1672
2182
2692
3202
3708
4212
4715
159
662
1165
1673
2183
2693
3203
3709
4213
4716
160
663
1166
1674
2184
2694
3204
3710
4214
4717
161
664
1167
1675
2185
2695
3205
3711
4215
4718
162
665
1168
1676
2186
2696
3206
3712
4216
4719
163
666
1169
1677
2187
2697
3207
3713
4217
4720
164
667
1170
1678
2188
2698
3208
3714
4218
4721
165
668
1171
1679
2189
2699
3209
3715
4219
4722
166
669
1172
1680
2190
2700
3210
3716
4220
4723
167
670
1173
1681
2191
2701
3211
3717
4221
4724
168
671
1174
1682
2192
2702
3212
3718
4222
4725
169
672
1175
1683
2193
2703
3213
3719
4223
4726
1684
2194
2704
3214
3720
170
673
1176
1685
2195
2705
3215
3721
4224
4727
171
674
1177
1686
2196
2706
3216
3722
4225
4728
172
675
1178
1687
2197
2707
3217
3723
4226
4729
173
676
1179
1688
2198
2708
3218
3724
4227
4730
174
677
1180
1689
2199
2709
3219
3725
4228
4731
175
678
1181
1690
2200
2710
3220
3726
4229
4732
176
679
1182
1691
2201
2711
3221
3727
4230
4733
177
680
1183
1692
2202
2712
3222
3728
4231
4734
178
681
1184
1693
2203
2713
3223
3729
4232
4735
179
682
1185
1694
2204
2714
3224
3730
4233
4736
180
683
1186
1695
2205
2715
3225
3731
4234
4737
181
684
1187
1696
2206
2716
3226
3732
4235
4738
182
685
1188
1697
2207
2717
3227
3733
4236
4739
183
686
1189
1698
2208
2718
3228
3734
4237
4740
184
687
1190
1699
2209
2719
3229
3735
4238
4741
185
688
1191
1700
2210
2720
3230
3736
4239
4742
186
689
1192
1701
2211
2721
3231
3737
4240
4743
187
690
1193
1702
2212
2722
3232
3738
4241
4744
188
691
1194
1703
2213
2723
3233
3739
4242
4745
189
692
1195
1704
2214
2724
3234
3740
4243
4746
190
693
1196
1705
2215
2725
3235
3741
4244
4747
191
694
1197
1706
2216
2726
3236
3742
4245
4748
192
695
1198
1707
2217
2727
3237
3743
4246
4749
193
696
1199
1708
2218
2728
3238
3744
4247
4750
194
697
1200
1709
2219
2729
3239
3745
4248
4751
195
698
1201
1710
2220
2730
3240
3746
4249
4752
196
699
1202
1711
2221
2731
3241
3747
4250
4753
197
700
1203
1712
2222
2732
3242
3748
4251
4754
198
701
1204
1713
2223
2733
3243
3749
4252
4755
1714
2224
2734
3244
199
702
1205
1715
2225
2735
3245
3750
4253
4756
200
703
1206
1716
2226
2736
3246
3751
4254
4757
201
704
1207
1717
2227
2737
3247
3752
4255
4758
202
705
1208
1718
2228
2738
3248
3753
4256
4759
203
706
1209
1719
2229
2739
3249
3754
4257
4760
204
707
1210
1720
2230
2740
3250
3755
4258
4761
205
708
1211
1721
2231
2741
3251
3756
4259
4762
206
709
1212
1722
2232
2742
3252
3757
4260
4763
207
710
1213
1723
2233
2743
3253
3758
4261
4764
208
711
1214
1724
2234
2744
3254
3759
4262
4765
209
712
1215
1725
2235
2745
3255
3760
4263
4766
210
713
1216
1726
2236
2746
3256
3761
4264
4767
211
714
1217
1727
2237
2747
3257
3762
4265
4768
212
715
1218
1728
2238
2748
3258
3763
4266
4769
213
716
1219
1729
2239
2749
3259
3764
4267
4770
214
717
1220
1730
2240
2750
3260
3765
4268
4771
215
718
1221
1731
2241
2751
3261
3766
4269
4772
216
719
1222
1732
2242
2752
3262
3767
4270
4773
217
720
1223
1733
2243
2753
3263
3768
4271
4774
218
721
1224
1734
2244
2754
3264
3769
4272
4775
219
722
1225
1735
2245
2755
3265
3770
4273
4776
220
723
1226
1736
2246
2756
3266
3771
4274
4777
221
724
1227
1737
2247
2757
3267
3772
4275
4778
222
725
1228
1738
2248
2758
3268
3773
4276
4779
223
726
1229
1739
2249
2759
3269
3774
4277
4780
224
727
1230
1740
2250
2760
3270
3775
4278
4781
225
728
1231
1741
2251
2761
3271
3776
4279
4782
226
729
1232
1742
2252
2762
3272
3777
4280
4783
227
730
1233
1743
2253
2763
3273
3778
4281
4784
228
731
1234
1744
2254
2764
3274
3779
4282
4785
229
732
1235
1745
2255
2765
3275
3780
4283
4786
230
733
1236
1746
2256
2766
3276
3781
4284
4787
231
734
1237
1747
2257
2767
3277
3782
4285
4788
232
735
1238
1748
2258
2768
3278
3783
4286
4789
233
736
1239
1749
2259
2769
3279
3784
4287
4790
234
737
1240
1750
2260
2770
3280
3785
4288
4791
235
738
1241
1751
2261
2771
3281
3786
4289
4792
236
739
1242
1752
2262
2772
3282
3787
4290
4793
237
740
1243
1753
2263
2773
3283
3788
4291
4794
238
741
1244
1754
2264
2774
3284
3789
4292
4795
239
742
1245
1755
2265
2775
3285
3790
4293
4796
240
743
1246
1756
2266
2776
3286
3791
4294
4797
241
744
1247
1757
2267
2777
3287
3792
4295
4798
242
745
1248
1758
2268
2778
3288
3793
4296
4799
243
746
1249
1759
2269
2779
3289
3794
4297
4800
244
747
1250
1760
2270
2780
3290
3795
4298
4801
245
748
1251
1761
2271
2781
3291
3796
4299
4802
246
749
1252
1762
2272
2782
3292
3797
4300
4803
247
750
1253
1763
2273
2783
3293
3798
4301
4804
248
751
1254
1764
2274
2784
3294
3799
4302
4805
249
752
1255
1765
2275
2785
3295
3800
4303
4806
250
753
1256
1766
2276
2786
3296
3801
4304
4807
251
754
1257
1767
2277
2787
3297
3802
4305
4808
252
755
1258
1768
2278
2788
3298
3803
4306
4809
253
756
1259
1769
2279
2789
3299
3804
4307
4810
254
757
1260
1770
2280
2790
3300
3805
4308
4811
255
758
1261
1771
2281
2791
3301
3806
4309
4812
256
759
1262
1772
2282
2792
3302
3807
4310
4813
257
760
1263
1773
2283
2793
3303
3808
4311
4814
258
761
1264
1774
2284
2794
3304
3809
4312
4815
259
762
1265
1775
2285
2795
3305
3810
4313
4816
260
763
1266
1776
2286
2796
3306
3811
4314
4817
261
764
1267
1777
2287
2797
3307
3812
4315
4818
262
765
1268
1778
2288
2798
3308
3813
4316
4819
263
766
1269
1779
2289
2799
3309
3814
4317
4820
264
767
1270
1780
2290
2800
3310
3815
4318
4821
265
768
1271
1781
2291
2801
3311
3816
4319
4822
266
769
1272
1782
2292
2802
3312
3817
4320
4823
267
770
1273
1783
2293
2803
3313
3818
4321
4824
268
771
1274
1784
2294
2804
3314
3819
4322
4825
269
772
1275
1785
2295
2805
3315
3820
4323
4826
270
773
1276
1786
2296
2806
3316
3821
4324
4827
271
774
1277
1787
2297
2807
3317
3822
4325
4828
272
775
1278
1788
2298
2808
3318
3823
4326
4829
273
776
1279
1789
2299
2809
3319
3824
4327
4830
274
777
1280
1790
2300
2810
3320
3825
4328
4831
275
778
1281
1791
2301
2811
3321
3826
4329
4832
276
779
1282
1792
2302
2812
3322
3827
4330
4833
277
780
1283
1793
2303
2813
3323
3828
4331
4834
278
781
1284
1794
2304
2814
3324
3829
4332
4835
279
782
1285
1795
2305
2815
3325
3830
4333
4836
280
783
1286
1796
2306
2816
3326
3831
4334
4837
281
784
1287
1797
2307
2817
3327
3832
4335
4838
282
785
1288
1798
2308
2818
3328
3833
4336
4839
283
786
1289
1799
2309
2819
3329
3834
4337
4840
284
787
1290
1800
2310
2820
3330
3835
4338
4841
285
788
1291
1801
2311
2821
3331
3836
4339
4842
286
789
1292
1802
2312
2822
3332
3837
4340
4843
287
790
1293
1803
2313
2823
3333
3838
4341
4844
288
791
1294
1804
2314
2824
3334
3839
4342
4845
289
792
1295
1805
2315
2825
3335
3840
4343
4846
290
793
1296
1806
2316
2826
3336
3841
4344
4847
291
794
1297
1807
2317
2827
3337
3842
4345
4848
292
795
1298
1808
2318
2828
3338
3843
4346
4849
293
796
1299
1809
2319
2829
3339
3844
4347
4850
294
797
1300
1810
2320
2830
3340
3845
4348
4851
295
798
1301
1811
2321
2831
3341
3846
4349
4852
296
799
1302
1812
2322
2832
3342
3847
4350
4853
297
800
1303
1813
2323
2833
3343
3848
4351
4854
298
801
1304
1814
2324
2834
3344
3849
4352
4855
299
802
1305
1815
2325
2835
3345
3850
4353
4856
300
803
1306
1816
2326
2836
3346
3851
4354
4857
301
804
1307
1817
2327
2837
3347
3852
4355
4858
302
805
1308
1818
2328
2838
3348
3853
4356
4859
303
806
1309
1819
2329
2839
3349
3854
4357
4860
304
807
1310
1820
2330
2840
3350
3855
4358
4861
305
808
1311
1821
2331
2841
3351
3856
4359
4862
306
809
1312
1822
2332
2842
3352
3857
4360
4863
307
810
1313
1823
2333
2843
3353
3858
4361
4864
308
811
1314
1824
2334
2844
3354
3859
4362
4865
309
812
1315
1825
2335
2845
3355
3860
4363
4866
310
813
1316
1826
2336
2846
3356
3861
4364
4867
311
814
1317
1827
2337
2847
3357
3862
4365
4868
312
815
1318
1828
2338
2848
3358
3863
4366
4869
313
816
1319
1829
2339
2849
3359
3864
4367
4870
314
817
1320
1830
2340
2850
3360
3865
4368
4871
315
818
1321
1831
2341
2851
3361
3866
4369
4872
316
819
1322
1832
2342
2852
3362
3867
4370
4873
317
820
1323
1833
2343
2853
3363
3868
4371
4874
318
821
1324
1834
2344
2854
3364
3869
4372
4875
319
822
1325
1835
2345
2855
3365
3870
4373
4876
320
823
1326
1836
2346
2856
3366
3871
4374
4877
321
824
1327
1837
2347
2857
3367
3872
4375
4878
322
825
1328
1838
2348
2858
3368
3873
4376
4879
323
826
1329
1839
2349
2859
3369
3874
4377
4880
324
827
1330
1840
2350
2860
3370
3875
4378
4881
325
828
1331
1841
2351
2861
3371
3876
4379
4882
326
829
1332
1842
2352
2862
3372
3877
4380
4883
327
830
1333
1843
2353
2863
3373
3878
4381
4884
328
831
1334
1844
2354
2864
3374
3879
4382
4885
329
832
1335
1845
2355
2865
3375
3880
4383
4886
330
833
1336
1846
2356
2866
3376
3881
4384
4887
331
834
1337
1847
2357
2867
3377
3882
4385
4888
332
835
1338
1848
2358
2868
3378
3883
4386
4889
333
836
1339
1849
2359
2869
3379
3884
4387
4890
334
837
1340
1850
2360
2870
3380
3885
4388
4891
335
838
1341
1851
2361
2871
3381
3886
4389
4892
336
839
1342
1852
2362
2872
3382
3887
4390
4893
337
840
1343
1853
2363
2873
3383
3888
4391
4894
338
841
1344
1854
2364
2874
3384
3889
4392
4895
339
842
1345
1855
2365
2875
3385
3890
4393
4896
340
843
1346
1856
2366
2876
3386
3891
4394
4897
341
844
1347
1857
2367
2877
3387
3892
4395
4898
342
845
1348
1858
2368
2878
3388
3893
4396
4899
343
846
1349
1859
2369
2879
3389
3894
4397
4900
344
847
1350
1860
2370
2880
3390
3895
4398
4901
345
848
1351
1861
2371
2881
3391
3896
4399
4902
346
849
1352
1862
2372
2882
3392
3897
4400
4903
347
850
1353
1863
2373
2883
3393
3898
4401
4904
348
851
1354
1864
2374
2884
3394
3899
4402
4905
349
852
1355
1865
2375
2885
3395
3900
4403
4906
350
853
1356
1866
2376
2886
3396
3901
4404
4907
351
854
1357
1867
2377
2887
3397
3902
4405
4908
352
855
1358
1868
2378
2888
3398
3903
4406
4909
353
856
1359
1869
2379
2889
3399
3904
4407
4910
354
857
1360
1870
2380
2890
3400
3905
4408
4911
355
858
1361
1871
2381
2891
3401
3906
4409
4912
356
859
1362
1872
2382
2892
3402
3907
4410
4913
357
860
1363
1873
2383
2893
3403
3908
4411
4914
358
861
1364
1874
2384
2894
3404
3909
4412
4915
359
862
1365
1875
2385
2895
3405
3910
4413
4916
360
863
1366
1876
2386
2896
3406
3911
4414
4917
361
864
1367
1877
2387
2897
3407
3912
4415
4918
362
865
1368
1878
2388
2898
3408
3913
4416
4919
363
866
1369
1879
2389
2899
3409
3914
4417
4920
364
867
1370
1880
2390
2900
3410
3915
4418
4921
365
868
1371
1881
2391
2901
3411
3916
4419
4922
366
869
1372
1882
2392
2902
3412
3917
4420
4923
367
870
1373
1883
2393
2903
3413
3918
4421
4924
368
871
1374
1884
2394
2904
3414
3919
4422
4925
369
872
1375
1885
2395
2905
3415
3920
4423
4926
370
873
1376
1886
2396
2906
3416
3921
4424
4927
371
874
1377
1887
2397
2907
3417
3922
4425
4928
372
875
1378
1888
2398
2908
3418
3923
4426
4929
373
876
1379
1889
2399
2909
3419
3924
4427
4930
374
877
1380
1890
2400
2910
3420
3925
4428
4931
375
878
1381
1891
2401
2911
3421
3926
4429
4932
376
879
1382
1892
2402
2912
3422
3927
4430
4933
377
880
1383
1893
2403
2913
3423
3928
4431
4934
378
881
1384
1894
2404
2914
3424
3929
4432
4935
379
882
1385
1895
2405
2915
3425
3930
4433
4936
380
883
1386
1896
2406
2916
3426
3931
4434
4937
381
884
1387
1897
2407
2917
3427
3932
4435
4938
382
885
1388
1898
2408
2918
3428
3933
4436
4939
383
886
1389
1899
2409
2919
3429
3934
4437
4940
384
887
1390
1900
2410
2920
3430
3935
4438
4941
385
888
1391
1901
2411
2921
3431
3936
4439
4942
386
889
1392
1902
2412
2922
3432
3937
4440
4943
387
890
1393
1903
2413
2923
3433
3938
4441
4944
388
891
1394
1904
2414
2924
3434
3939
4442
4945
389
892
1395
1905
2415
2925
3435
3940
4443
4946
390
893
1396
1906
2416
2926
3436
3941
4444
4947
391
894
1397
1907
2417
2927
3437
3942
4445
4948
392
895
1398
1908
2418
2928
3438
3943
4446
4949
393
896
1399
1909
2419
2929
3439
3944
4447
4950
394
897
1400
1910
2420
2930
3440
3945
4448
4951
395
898
1401
1911
2421
2931
3441
3946
4449
4952
396
899
1402
1912
2422
2932
3442
3947
4450
4953
397
900
1403
1913
2423
2933
3443
3948
4451
4954
398
901
1404
1914
2424
2934
3444
3949
4452
4955
399
902
1405
1915
2425
2935
3445
3950
4453
4956
400
903
1406
1916
2426
2936
3446
3951
4454
4957
401
904
1407
1917
2427
2937
3447
3952
4455
4958
402
905
1408
1918
2428
2938
3448
3953
4456
4959
403
906
1409
1919
2429
2939
3449
3954
4457
4960
404
907
1410
1920
2430
2940
3450
3955
4458
4961
405
908
1411
1921
2431
2941
3451
3956
4459
4962
406
909
1412
1922
2432
2942
3452
3957
4460
4963
407
910
1413
1923
2433
2943
3453
3958
4461
4964
408
911
1414
1924
2434
2944
3454
3959
4462
4965
409
912
1415
1925
2435
2945
3455
3960
4463
4966
410
913
1416
1926
2436
2946
3456
3961
4464
4967
411
914
1417
1927
2437
2947
3457
3962
4465
4968
412
915
1418
1928
2438
2948
3458
3963
4466
4969
413
916
1419
1929
2439
2949
3459
3964
4467
4970
414
917
1420
1930
2440
2950
3460
3965
4468
4971
415
918
1421
1931
2441
2951
3461
3966
4469
4972
416
919
1422
1932
2442
2952
3462
3967
4470
4973
417
920
1423
1933
2443
2953
3463
3968
4471
4974
418
921
1424
1934
2444
2954
3464
3969
4472
4975
419
922
1425
1935
2445
2955
3465
3970
4473
4976
420
923
1426
1936
2446
2956
3466
3971
4474
4977
421
924
1427
1937
2447
2957
3467
3972
4475
4978
422
925
1428
1938
2448
2958
3468
3973
4476
4979
423
926
1429
1939
2449
2959
3469
3974
4477
4980
424
927
1430
1940
2450
2960
3470
3975
4478
4981
425
928
1431
1941
2451
2961
3471
3976
4479
4982
426
929
1432
1942
2452
2962
3472
3977
4480
4983
427
930
1433
1943
2453
2963
3473
3978
4481
4984
428
931
1434
1944
2454
2964
3474
3979
4482
4985
429
932
1435
1945
2455
2965
3475
3980
4483
4986
430
933
1436
1946
2456
2966
3476
3981
4484
4987
431
934
1437
1947
2457
2967
3477
3982
4485
4988
432
935
1438
1948
2458
2968
3478
3983
4486
4989
433
936
1439
1949
2459
2969
3479
3984
4487
4990
434
937
1440
1950
2460
2970
3480
3985
4488
4991
435
938
1441
1951
2461
2971
3481
3986
4489
4992
436
939
1442
1952
2462
2972
3482
3987
4490
4993
437
940
1443
1953
2463
2973
3483
3988
4491
4994
438
941
1444
1954
2464
2974
3484
3989
4492
4995
439
942
1445
1955
2465
2975
3485
3990
4493
4996
440
943
1446
1956
2466
2976
3486
3991
4494
4997
441
944
1447
1957
2467
2977
3487
3992
4495
4998
442
945
1448
1958
2468
2978
3488
3993
4496
4999
443
946
1449
1959
2469
2979
3489
3994
4497
5000
444
947
1450
1960
2470
2980
3490
3995
4498
5001
445
948
1451
1961
2471
2981
3491
3996
4499
5002
446
949
1452
1962
2472
2982
3492
3997
4500
5003
447
950
1453
1963
2473
2983
3493
3998
4501
5004
448
951
1454
1964
2474
2984
3494
3999
4502
5005
449
952
1455
1965
2475
2985
3495
4000
4503
5006
450
953
1456
1966
2476
2986
3496
4001
4504
5007
451
954
1457
1967
2477
2987
3497
4002
4505
5008
452
955
1458
1968
2478
2988
3498
4003
4506
5009
453
956
1459
1969
2479
2989
3499
4004
4507
5010
454
957
1460
1970
2480
2990
3500
4005
4508
5011
455
958
1461
1971
2481
2991
3501
4006
4509
5012
456
959
1462
1972
2482
2992
3502
4007
4510
5013
457
960
1463
1973
2483
2993
3503
4008
4511
5014
458
961
1464
1974
2484
2994
3504
4009
4512
5015
459
962
1465
1975
2485
2995
3505
4010
4513
5016
460
963
1466
1976
2486
2996
3506
4011
4514
5017
461
964
1467
1977
2487
2997
3507
4012
4515
5018
462
965
1468
1978
2488
2998
3508
4013
4516
5019
463
966
1469
1979
2489
2999
3509
4014
4517
5020
464
967
1470
1980
2490
3000
3510
4015
4518
5021
465
968
1471
1981
2491
3001
3511
4016
4519
5022
466
969
1472
1982
2492
3002
3512
4017
4520
5023
467
970
1473
1983
2493
3003
3513
4018
4521
5024
468
971
1474
1984
2494
3004
3514
4019
4522
5025
469
972
1475
1985
2495
3005
3515
4020
4523
5026
470
973
1476
1986
2496
3006
3516
4021
4524
5027
471
974
1477
1987
2497
3007
3517
4022
4525
5028
472
975
1478
1988
2498
3008
3518
4023
4526
5029
473
976
1479
1989
2499
3009
3519
4024
4527
5030
474
977
1480
1990
2500
3010
3520
4025
4528
5031
475
978
1481
1991
2501
3011
3521
4026
4529
5032
476
979
1482
1992
2502
3012
3522
4027
4530
5033
477
980
1483
1993
2503
3013
3523
4028
4531
5034
478
981
1484
1994
2504
3014
3524
4029
4532
5035
479
982
1485
1995
2505
3015
3525
4030
4533
5036
480
983
1486
1996
2506
3016
3526
4031
4534
5037
481
984
1487
1997
2507
3017
3527
4032
4535
5038
482
985
1488
1998
2508
3018
3528
4033
4536
5039
483
986
1489
1999
2509
3019
3529
4034
4537
5040
484
987
1490
2000
2510
3020
3530
4035
4538
5041
485
988
1491
2001
2511
3021
3531
4036
4539
5042
486
989
1492
2002
2512
3022
3532
4037
4540
5043
487
990
1493
2003
2513
3023
3533
4038
4541
5044
488
991
1494
2004
2514
3024
3534
4039
4542
5045
489
992
1495
2005
2515
3025
3535
4040
4543
5046
490
993
1496
2006
2516
3026
3536
4041
4544
5047
491
994
1497
2007
2517
3027
3537
4042
4545
5048
492
995
1498
2008
2518
3028
3538
4043
4546
5049
493
996
1499
2009
2519
3029
3539
4044
4547
5050
494
997
1500
2010
2520
3030
3540
4045
4548
5051
495
998
1501
2011
2521
3031
3541
4046
4549
5052
496
999
1502
2012
2522
3032
3542
4047
4550
5053
497
1000
1503
2013
2523
3033
3543
4048
4551
5054
498
1001
1504
2014
2524
3034
3544
4049
4552
5055
499
1002
1505
2015
2525
3035
3545
4050
4553
5056
500
1003
1506
2016
2526
3036
3546
4051
4554
5057
501
1004
1507
2017
2527
3037
3547
4052
4555
5058
502
1005
1508
2018
2528
3038
3548
4053
4556
5059
)


// ************************************************************************* //
