/*--------------------------------*- C++ -*----------------------------------*\
  =========                 |
  \\      /  F ield         | OpenFOAM: The Open Source CFD Toolbox
   \\    /   O peration     | Website:  https://openfoam.org
    \\  /    A nd           | Version:  12
     \\/     M anipulation  |
\*---------------------------------------------------------------------------*/
FoamFile
{
    format      ascii;
    class       volScalarField;
    location    "0";
    object      omega;
}
// * * * * * * * * * * * * * * * * * * * * * * * * * * * * * * * * * * * * * //

dimensions      [0 0 -1 0 0 0 0];

internalField   uniform 39.6;

boundaryField
{
    walls
    {
        type            omegaWallFunction;
        value           nonuniform List<scalar> 
1120
(
39.6
39.6
39.6
39.6
39.6
39.6
39.6
39.6
39.6
39.6
39.6
39.6
39.6
39.6
39.6
39.6
39.6
39.6
39.6
39.6
39.6
39.6
39.6
39.6
39.6
39.6
39.6
39.6
39.6
39.6
39.6
39.6
39.6
39.6
39.6
39.6
39.6
39.6
39.6
39.6
39.6
39.6
39.6
39.6
39.6
39.6
39.6
39.6
39.6
39.6
39.6
39.6
39.6
39.6
39.6
39.6
39.6
39.6
39.6
39.6
39.6
39.6
39.6
39.6
39.6
39.6
39.6
39.6
39.6
39.6
39.6
39.6
39.6
39.6
39.6
39.6
39.6
39.6
39.6
39.6
39.6
39.6
39.6
39.6
39.6
39.6
39.6
39.6
39.6
39.6
39.6
39.6
39.6
39.6
39.6
39.6
39.6
39.6
39.6
39.6
39.6
39.6
39.6
39.6
39.6
39.6
39.6
39.6
39.6
39.6
39.6
39.6
39.6
39.6
39.6
39.6
39.6
39.6
39.6
39.6
39.6
39.6
39.6
39.6
39.6
39.6
39.6
39.6
39.6
39.6
39.6
39.6
39.6
39.6
39.6
39.6
39.6
39.6
39.6
39.6
39.6
39.6
39.6
39.6
39.6
39.6
39.6
39.6
39.6
39.6
39.6
39.6
39.6
39.6
39.6
39.6
39.6
39.6
39.6
39.6
39.6
39.6
39.6
39.6
39.6
39.6
39.6
39.6
39.6
39.6
39.6
39.6
39.6
39.6
39.6
39.6
39.6
39.6
39.6
39.6
39.6
39.6
39.6
39.6
39.6
39.6
39.6
39.6
39.6
39.6
39.6
39.6
39.6
39.6
39.6
39.6
39.6
39.6
39.6
39.6
39.6
39.6
39.6
39.6
39.6
39.6
39.6
39.6
39.6
39.6
39.6
39.6
39.6
39.6
39.6
39.6
39.6
39.6
39.6
39.6
39.6
39.6
39.6
39.6
39.6
39.6
39.6
39.6
39.6
39.6
39.6
39.6
39.6
39.6
39.6
39.6
39.6
39.6
39.6
39.6
39.6
39.6
39.6
39.6
39.6
39.6
39.6
39.6
39.6
39.6
39.6
39.6
39.6
39.6
39.6
39.6
39.6
39.6
39.6
39.6
39.6
39.6
39.6
39.6
39.6
39.6
39.6
39.6
39.6
39.6
39.6
39.6
39.6
39.6
39.6
39.6
39.6
39.6
39.6
39.6
39.6
39.6
39.6
39.6
39.6
39.6
39.6
39.6
39.6
39.6
39.6
39.6
39.6
39.6
39.6
39.6
39.6
39.6
39.6
39.6
39.6
39.6
39.6
39.6
39.6
39.6
39.6
39.6
39.6
39.6
39.6
39.6
39.6
39.6
39.6
39.6
39.6
39.6
39.6
39.6
39.6
39.6
39.6
39.6
39.6
39.6
39.6
39.6
39.6
39.6
39.6
39.6
39.6
39.6
39.6
39.6
39.6
39.6
39.6
39.6
39.6
39.6
39.6
39.6
39.6
39.6
39.6
39.6
39.6
39.6
39.6
39.6
39.6
39.6
39.6
39.6
39.6
39.6
39.6
39.6
39.6
39.6
39.6
39.6
39.6
39.6
39.6
39.6
39.6
39.6
39.6
39.6
39.6
39.6
39.6
39.6
39.6
39.6
39.6
39.6
39.6
39.6
39.6
39.6
39.6
39.6
39.6
39.6
39.6
39.6
39.6
39.6
39.6
39.6
39.6
39.6
39.6
39.6
39.6
39.6
39.6
39.6
39.6
39.6
39.6
39.6
39.6
39.6
39.6
39.6
39.6
39.6
39.6
39.6
39.6
39.6
39.6
39.6
39.6
39.6
39.6
39.6
39.6
39.6
39.6
39.6
39.6
39.6
39.6
39.6
39.6
39.6
39.6
39.6
39.6
39.6
39.6
39.6
39.6
39.6
39.6
39.6
39.6
39.6
39.6
39.6
39.6
39.6
39.6
39.6
39.6
39.6
39.6
39.6
39.6
39.6
39.6
39.6
39.6
39.6
39.6
39.6
39.6
39.6
39.6
39.6
39.6
39.6
39.6
39.6
39.6
39.6
39.6
39.6
39.6
39.6
39.6
39.6
39.6
39.6
39.6
39.6
39.6
39.6
39.6
39.6
39.6
39.6
39.6
39.6
39.6
39.6
39.6
39.6
39.6
39.6
39.6
39.6
39.6
39.6
39.6
39.6
39.6
39.6
39.6
39.6
39.6
39.6
39.6
39.6
39.6
39.6
39.6
39.6
39.6
39.6
39.6
39.6
39.6
39.6
39.6
39.6
39.6
39.6
39.6
39.6
39.6
39.6
39.6
39.6
39.6
39.6
39.6
39.6
39.6
39.6
39.6
39.6
39.6
39.6
39.6
39.6
39.6
39.6
39.6
39.6
39.6
39.6
39.6
39.6
39.6
39.6
39.6
39.6
39.6
39.6
39.6
39.6
39.6
39.6
39.6
39.6
39.6
39.6
39.6
39.6
39.6
39.6
39.6
39.6
39.6
39.6
39.6
39.6
39.6
39.6
39.6
39.6
39.6
39.6
39.6
39.6
39.6
39.6
39.6
39.6
39.6
39.6
39.6
39.6
39.6
39.6
39.6
39.6
39.6
39.6
39.6
39.6
39.6
39.6
39.6
39.6
39.6
39.6
39.6
39.6
39.6
39.6
39.6
39.6
39.6
39.6
39.6
39.6
39.6
39.6
39.6
39.6
39.6
39.6
39.6
39.6
39.6
39.6
39.6
39.6
39.6
39.6
39.6
39.6
39.6
39.6
39.6
39.6
39.6
39.6
39.6
39.6
39.6
39.6
39.6
39.6
39.6
39.6
39.6
39.6
39.6
39.6
39.6
39.6
39.6
39.6
39.6
39.6
39.6
39.6
39.6
39.6
39.6
39.6
39.6
39.6
39.6
39.6
39.6
39.6
39.6
39.6
39.6
39.6
39.6
39.6
39.6
39.6
39.6
39.6
39.6
39.6
39.6
39.6
39.6
39.6
39.6
39.6
39.6
39.6
39.6
39.6
39.6
39.6
39.6
39.6
39.6
39.6
39.6
39.6
39.6
39.6
39.6
39.6
39.6
39.6
39.6
39.6
39.6
39.6
39.6
39.6
39.6
39.6
39.6
39.6
39.6
39.6
39.6
39.6
39.6
39.6
39.6
39.6
39.6
39.6
39.6
39.6
39.6
39.6
39.6
39.6
39.6
39.6
39.6
39.6
39.6
39.6
39.6
39.6
39.6
39.6
39.6
39.6
39.6
39.6
39.6
39.6
39.6
39.6
39.6
39.6
39.6
39.6
39.6
39.6
39.6
39.6
39.6
39.6
39.6
39.6
39.6
39.6
39.6
39.6
39.6
39.6
39.6
39.6
39.6
39.6
39.6
39.6
39.6
39.6
39.6
39.6
39.6
39.6
39.6
39.6
39.6
39.6
39.6
39.6
39.6
39.6
39.6
39.6
39.6
39.6
39.6
39.6
39.6
39.6
39.6
39.6
39.6
39.6
39.6
39.6
39.6
39.6
39.6
39.6
39.6
39.6
39.6
39.6
39.6
39.6
39.6
39.6
39.6
39.6
39.6
39.6
39.6
39.6
39.6
39.6
39.6
39.6
39.6
39.6
39.6
39.6
39.6
39.6
39.6
39.6
39.6
39.6
39.6
39.6
39.6
39.6
39.6
39.6
39.6
39.6
39.6
39.6
39.6
39.6
39.6
39.6
39.6
39.6
39.6
39.6
39.6
39.6
39.6
39.6
39.6
39.6
39.6
39.6
39.6
39.6
39.6
39.6
39.6
39.6
39.6
39.6
39.6
39.6
39.6
39.6
39.6
39.6
39.6
39.6
39.6
39.6
39.6
39.6
39.6
39.6
39.6
39.6
39.6
39.6
39.6
39.6
39.6
39.6
39.6
39.6
39.6
39.6
39.6
39.6
39.6
39.6
39.6
39.6
39.6
39.6
39.6
39.6
39.6
39.6
39.6
39.6
39.6
39.6
39.6
39.6
39.6
39.6
39.6
39.6
39.6
39.6
39.6
39.6
39.6
39.6
39.6
39.6
39.6
39.6
39.6
39.6
39.6
39.6
39.6
39.6
39.6
39.6
39.6
39.6
39.6
39.6
39.6
39.6
39.6
39.6
39.6
39.6
39.6
39.6
39.6
39.6
39.6
39.6
39.6
39.6
39.6
39.6
39.6
39.6
39.6
39.6
39.6
39.6
39.6
39.6
39.6
39.6
39.6
39.6
39.6
39.6
39.6
39.6
39.6
39.6
39.6
39.6
39.6
39.6
39.6
39.6
39.6
39.6
39.6
39.6
39.6
39.6
39.6
39.6
39.6
39.6
39.6
39.6
39.6
39.6
39.6
39.6
39.6
39.6
39.6
39.6
39.6
39.6
39.6
39.6
39.6
39.6
39.6
39.6
39.6
39.6
39.6
39.6
39.6
39.6
39.6
39.6
39.6
39.6
39.6
39.6
39.6
39.6
39.6
39.6
39.6
39.6
39.6
39.6
39.6
39.6
39.6
39.6
0
0
0
0
0
0
0
0
0
0
0
0
0
0
0
0
0
0
0
0
0
0
0
0
0
0
0
0
0
0
0
0
0
0
0
0
0
0
0
0
0
0
0
0
0
0
0
0
0
0
0
0
0
0
0
0
0
0
0
0
0
0
0
0
0
0
0
0
0
0
0
0
0
0
0
0
0
0
0
0
0
0
0
0
0
0
0
0
0
0
0
0
0
0
)
;
    }
    frontAndBack
    {
        type            empty;
    }
}


// ************************************************************************* //
